1.056559964960854248e-01
3.413995367197649178e-01
-6.327463243827137485e-02
1.124950641786353345e-01
1.283243531371523194e-01
3.526279977251636222e-01
3.866267314680842115e-02
7.574939120250828717e-02
-6.725182995482931192e-02
2.461184280475558206e-01
-7.533509394716275676e-02
4.346051812404528869e-01
-1.106347965836538133e-01
2.292723967889090386e-01
1.672358960646489201e-01
3.982767095419468273e-01
1.443990256662761387e-02
2.592885165463699182e-01
7.335277530271361313e-02
6.140917541395244511e-02
-1.537096376456545399e-02
4.011894996225942589e-01
1.934486915710482147e-01
2.487973071705932571e-01
4.849783086349018779e-02
2.283911907846187250e-01
-4.275596384933588907e-03
3.228331696834824682e-01
2.497464352897045825e-01
-8.389653386377961264e-02
2.436899408399836320e-01
1.594816175753073495e-01
2.026264389838240698e-02
2.146158225088499460e-01
9.769449946073563429e-02
2.195695954760488733e-01
-2.138644289940139914e-02
7.144126246694820770e-02
4.684701767148765628e-01
3.369703993290390498e-01
1.467765802782913798e-01
-7.806520724884199493e-04
1.196293245263880256e-01
1.481222213861947412e-01
1.855076070091797244e-02
-4.616253201499589953e-02
-5.897944470510799869e-02
-1.104154702945342632e-02
3.088181610381407483e-01
4.371112171888038023e-01
3.400477227305900851e-01
-2.107018015501510577e-02
5.730346105984750887e-02
-8.424744686150292816e-02
-2.453012949581293844e-01
-2.571841623880303795e-01
1.709648462588052309e-01
4.031336971684119641e-01
4.271639945445331876e-01
-1.172617939142527911e-02
2.815970051113532158e-01
3.775711468920982528e-01
1.903115018621959753e-01
3.398708549002283363e-01
-1.507253879998332879e-01
2.298969838167037871e-01
-3.909501387947866835e-02
1.915824597304558452e-01
-2.175154276838437706e-01
2.675942793799312991e-01
1.824567570643107206e-01
1.714621131264602027e-01
3.348534267459147284e-01
1.222360241435593853e-01
3.222765638737443705e-01
-9.430090028407352165e-02
2.053365142055940951e-01
6.029050279323313472e-02
1.865728021812059489e-01
1.816660910928237782e-01
-1.263726667124207004e-01
-1.114281063492471857e-01
1.135356609046129367e-01
4.196075254931350140e-01
2.296257195799529527e-01
1.897230609837613213e-01
2.520820231492167940e-01
3.033484988659547743e-01
-1.751274947348055791e-02
3.162263685530132817e-01
4.484866356909755075e-02
1.990944133041560454e-02
3.436251131130533265e-01
5.815732891515298236e-02
3.394446307463508394e-01
-2.609148566373049594e-01
2.701087429598134637e-01
2.969488954690328031e-01
1.163535047960332081e-01
1.840843681196956683e-01
-5.146100514576874146e-02
-7.549755784003419484e-03
-1.535977151523197359e-01
-1.278879113003576207e-01
2.205852963790037591e-01
6.854990108404196425e-02
3.897757736145858742e-01
2.826894514944501280e-01
1.707334161457398636e-01
1.593648016033079873e-01
1.691780179597329459e-01
4.227893000359053688e-01
2.820048879331742975e-01
1.765912002958883453e-01
1.063994338262327088e-01
6.816456826134000002e-02
5.158555902361751100e-01
-1.010979744552535503e-01
-1.518139831337747374e-02
8.809886525346692643e-02
5.194719276777211014e-01
3.268915771267063008e-01
2.489219390170981094e-01
-2.751857391474674466e-02
-1.602291326486266626e-02
1.792070194081795964e-01
-1.219300237214669541e-01
-4.334404997985923935e-01
6.172730842643018301e-01
1.978199231970310945e-01
2.660061531694288273e-02
3.084594284238519335e-01
1.914917079597849847e-01
5.568221699755482312e-01
6.538912787373286628e-01
3.863030292885598072e-01
-1.325007066648596077e-01
2.709990716245032003e-02
4.675122414234657575e-01
2.000436883674167610e-01
3.605398226890018654e-01
-5.326692067383678730e-02
-1.006197056594594769e-01
-2.109839865976321019e-02
1.790687214496776980e-01
-2.276352450242684431e-03
-1.047269128149691531e-01
1.918468377126197333e-01
2.462830122096932028e-01
3.797668661421945702e-01
-3.830120513014507316e-02
8.196615281417941878e-02
4.545843793196679278e-02
1.357770698484972449e-02
4.152208817462070267e-01
-1.940140987106074577e-02
9.546943306942543006e-02
1.411708599597633063e-01
7.189195393589788152e-03
2.995713896185028258e-01
4.170511497192628814e-01
6.674306343620437509e-01
2.939728049955087422e-02
2.932845435696631448e-02
1.279715146644823387e-02
1.072944356764727741e-01
1.416442386899728623e-01
5.791697556198499575e-02
-7.624549298938300412e-02
-8.154221466212500588e-03
2.161193789424403072e-02
1.652398897671830680e-01
2.506458744545285722e-01
-1.986539201016544187e-01
9.137398367526741727e-02
-9.580542372866732159e-02
1.351388691377184148e-01
4.673072381045181856e-01
1.074726800123314424e-01
1.825275868187168082e-01
6.153062799447758247e-01
2.142393727847317353e-01
1.458518722894716069e-01
2.268139021570656777e-01
3.872966876185761631e-01
8.375688537914781351e-02
3.752177608462894942e-01
-2.137928653872026366e-02
-1.210051143919571026e-01
-4.706614059300437414e-02
1.396972207034597735e-01
1.431167248051663787e-01
4.152816552067305905e-02
2.107602841817296513e-01
9.476071208733843898e-02
1.680517244557795664e-01
3.176554095026475066e-02
8.116431924933581454e-02
4.296681591874010851e-03
2.583036861304231421e-02
3.414364312501360493e-02
1.044540867953588567e-02
3.503070313173498596e-01
1.694476339777030716e-01
2.658476251345416319e-01
-3.692790050646409944e-02
-1.187312832297506837e-01
1.527223985905785397e-01
-2.061857569160233383e-01
2.156430079663942123e-01
-4.475510689481117937e-02
4.243084963911598895e-02
-6.576284319473177375e-02
1.434018765600256762e-01
7.664439335868482306e-02
5.817117267052008822e-01
2.266389750560259542e-01
2.938046799099122697e-01
-8.558912924920197840e-02
9.095353341052134916e-03
4.599951480152210670e-01
3.620889041943783915e-01
2.993903053293168748e-01
4.289077432254640582e-03
-1.491691741736555187e-02
-1.724258809270048654e-01
2.012618364735820897e-01
-5.357856087780472204e-02
-4.712385079297430612e-02
-5.039115531205847626e-02
-7.581279145389420437e-02
8.965067073524249364e-02
-1.062498847042812194e-01
-8.714039923991864778e-02
1.387630995045926741e-01
1.313735687187343043e-02
-3.444434190367927084e-01
-1.500751873554284632e-01
-4.730573193567308432e-02
2.119969362683284675e-01
1.017446372401660248e-01
9.216781245253846677e-02
-9.801173586039968466e-02
1.540645382016423426e-01
7.483343514252091544e-02
1.253372941042804611e-01
4.336915364466465417e-01
2.383691626634483751e-01
-3.832770108644044660e-01
5.025446633141394948e-02
1.464845814394860612e-01
3.344810100030276567e-02
-1.151212849236384322e-03
1.984387177096306465e-01
-2.016602172848409313e-01
1.195021310282752963e-01
-4.794484230324559393e-01
4.895699967231407768e-01
8.147639274141775176e-03
1.800453733318811977e-01
1.336096574535579340e-02
2.950335184171981595e-01
1.181619294377228568e-01
1.289967260686786243e-01
3.570732485956369939e-01
2.239081342050149859e-01
2.000834864245850872e-02
-1.432565495073996609e-02
4.208459763499382555e-01
4.964835896494497469e-02
6.001391206858228133e-02
-2.293451997292373923e-01
2.963260809032932652e-01
3.909506828640146869e-01
3.576995962047918587e-01
1.471411921100189701e-01
2.120500485387398215e-01
2.610231706844850508e-01
2.972665684492984961e-01
-9.275084333249805635e-03
2.982198729728601783e-01
4.834273627309109145e-01
5.991114188250813710e-02
2.945172940064028633e-01
2.072069292460913259e-01
4.097299354735473714e-02
2.323480279058534881e-01
6.995092054060073061e-02
3.615563946751522706e-01
3.001844882847347074e-01
2.794769930610510600e-01
1.425994633435442860e-01
-1.297681127183410166e-01
2.598726401933399988e-01
3.733317545269999038e-01
4.617216080397494316e-01
-2.271923543990106084e-02
2.940634172872377133e-02
1.382610202026208490e-01
2.249918467914002462e-01
1.231232679598689983e-02
3.417335679353608602e-01
2.317408736060964924e-02
2.999413448312649444e-01
7.804814691146241823e-02
6.767962360207549488e-02
6.041232420403525732e-02
-3.282151146049333557e-02
-5.982836425732518393e-02
-3.427153424314929864e-02
-9.148662222482970008e-02
-3.244261889739240637e-03
-1.398724557955150494e-01
-1.969048443109155250e-02
4.938381397902055214e-01
9.445794856583958343e-02
2.738893819509207739e-01
1.797999675301675537e-01
-1.021997574125972225e-01
1.157592643146592229e-02
4.100822652462410289e-01
-4.727669365539568548e-03
2.632794449504745615e-01
1.442899986688838121e-01
3.145202920917830047e-01
-5.860429791189226967e-02
2.090281118861136989e-01
-4.005822891975080458e-02
1.168395194701717099e-02
3.643757591140805441e-01
-1.774709471025246177e-01
3.914720626423095484e-01
4.650230104399692005e-02
1.713080998405563660e-01
5.681657363719835180e-02
2.895355133010867332e-01
1.436581184695167879e-01
6.563596845745929553e-02
1.147025518378039510e-01
4.616231188604255631e-02
4.321119012526341008e-01
-3.819801373502645925e-02
3.999250244953058697e-01
5.037463423101542492e-01
-1.147101292552459434e-01
3.912262477592097221e-01
-3.805507268536995752e-02
2.552661144055618503e-01
2.192650011784776087e-01
5.142050811330609594e-01
3.976447196538645534e-01
2.053893799187259395e-01
-5.057797385547296160e-02
2.650081993401654512e-01
3.416026547446508743e-02
4.907869026973727955e-01
1.620839907668644997e-01
-2.257010438120038154e-01
4.225758674921116509e-02
-8.299191668558246471e-02
5.900790336767974126e-02
3.973018722817885373e-01
-6.325709918785174350e-03
4.463358138557484422e-01
1.227840868004650976e-01
1.223183198494064289e-01
1.105539792000394261e-01
7.479700468580771644e-02
1.049865855154106936e-01
6.092644532207471819e-01
1.112114139505128996e-01
-2.636246905548715880e-01
-1.558415748952656985e-02
-3.111220633460305418e-01
3.030107821321328943e-01
3.732109166835073655e-01
1.184807990519532728e-01
8.290845854468814613e-02
8.923558619040722339e-02
-2.612313734751507410e-01
3.671570918360301250e-01
-1.043376357187931897e-01
2.487543916820919021e-01
4.050517910897131341e-02
2.619163956412864369e-01
-4.242960013588353146e-02
3.696956162989691319e-01
-8.886909611935407682e-02
4.698662592016279727e-02
8.718043337599501452e-02
1.866203826550669534e-02
3.795939908716495781e-01
4.235214899782120679e-02
-1.782367934002540011e-01
5.338623649870187504e-02
1.671648555290723148e-01
6.815086009160795100e-02
9.722443614339842943e-02
5.134407102064499906e-01
2.408164333716553418e-01
-1.998172273683709588e-01
1.954648250612199267e-01
4.936049029220555551e-01
1.201949634949186080e-01
2.106109179031336320e-01
2.053756054750766752e-03
1.036911326126155053e-01
3.037019948028750749e-01
-2.819930465598986108e-02
-1.655205943066909713e-01
5.291222368330634751e-01
2.501936358178123987e-01
-3.897613419127228529e-02
2.449480921443183135e-01
1.489875801775111253e-01
2.782646501217675775e-02
1.848656003924935287e-01
-2.670551504061109346e-02
1.699075450424634148e-01
1.180414897528971468e-01
3.914542591949823208e-02
-1.338559419375214520e-02
-1.089824959912432832e-03
-8.788529329805873369e-02
-2.238148870742440177e-02
4.040007877899735589e-01
1.889667868133210193e-01
9.630805847547328769e-02
1.097038997090769435e-01
1.525550424614374456e-01
7.955385988088393978e-02
-2.036602163425808021e-01
8.910244451155255319e-02
-2.732380832470334558e-02
3.399840878858071541e-02
3.811389024531239289e-01
3.023220768260582170e-01
4.943350697999058796e-01
1.781907036577449754e-01
7.578962032953889816e-01
-9.597906192690586376e-04
-1.133897588366539200e-01
1.219964725673382405e-01
-1.513211571182069282e-01
-1.772340778373896197e-01
2.414095183983049064e-01
2.116025529897815893e-01
6.342616807806040757e-01
2.048137759378717837e-01
2.059229729443702861e-01
1.441396142751805720e-01
-8.235945312776050964e-02
3.915239340946812807e-01
3.111511576458586906e-02
4.377019495274183658e-01
-4.773849719830696586e-02
5.611038274095466738e-01
3.240744172049356830e-01
3.122413445292624226e-02
1.188380088743141300e-01
-1.326611943109998470e-01
2.462530279775265174e-01
3.397349714124369702e-01
2.723340385615249937e-02
1.822479203771133482e-01
2.263028591404600831e-01
2.021375713127806228e-01
1.257486494906346342e-01
2.938415664465260924e-01
3.734149737826079202e-02
2.534200466727424272e-01
6.559813649684220760e-01
-6.242929272068801008e-03
3.165136463392061086e-03
3.203717561282225512e-01
2.023923183961938710e-01
-1.192114178348747666e-01
3.777345584061421180e-01
3.535493503310920826e-01
-8.255890475353290514e-02
3.839500701872256526e-03
-2.502005052078811603e-02
3.734951690960672810e-01
9.248709330237961379e-02
3.539848300826510807e-01
2.514559142844656203e-01
-3.239160261750338027e-02
1.282851525038038176e-01
9.518790736623372606e-02
6.215898130713427561e-01
2.637080544582019459e-01
1.652859296101542863e-02
6.802799542758933282e-02
-2.409912666091653180e-02
8.765289151729643846e-02
-3.314369620760355128e-01
-1.370664324636658160e-01
4.047647961076898948e-01
2.803193368685639175e-01
-2.619477007667557200e-01
4.118032352430133769e-01
-1.411439745974226168e-01
6.620378426804870986e-02
1.058724280072430995e-01
3.853328858538211943e-01
1.349049741107075095e-01
4.607860260047972334e-01
1.495614377070106638e-01
-1.305872148368754371e-01
2.494660767140617630e-02
1.095944807994294751e-01
-1.136415850779115971e-01
1.422343100167664243e-01
4.238672850101429246e-01
9.391441857686567973e-03
9.648011423277985665e-02
3.064279517865359237e-01
2.456467101353170812e-01
1.436774222711427740e-01
4.865045828264571437e-01
5.682831018805870049e-02
1.582923738679920256e-01
4.100613368287913674e-01
-1.592071493867408816e-01
2.288288410680723584e-01
-3.917203270426124206e-02
1.110595686990658998e-01
-9.957084630178287751e-03
4.501987899401046350e-02
-1.366372357466728990e-03
-2.205211727408332989e-01
6.408868105232237711e-02
6.600746851409280969e-02
2.883058479246929928e-01
1.883394506399330495e-02
3.547861782173671319e-01
7.621558425794880409e-02
6.065840743763551979e-01
2.427526783012377010e-01
1.357127933913540863e-01
-4.413789605923569559e-02
-3.055977081133268158e-02
9.094676171412899301e-02
5.360600695492372392e-01
1.628699552109628967e-01
4.768410318049404878e-02
2.531521547276474049e-01
6.814348540341066407e-01
-1.202035783499015159e-01
-9.366078882986831125e-03
2.775111320688102845e-01
9.533651562641050348e-02
2.392461067748180292e-01
1.235179293123785322e-03
-2.013462253018719061e-01
5.980463007650065749e-02
5.646173606145705320e-02
4.862704869009529252e-01
-1.012442377795868542e-01
1.109166558460033120e-01
3.334107778434555192e-01
2.367736748927308510e-01
9.182662009067707465e-02
-1.580233658562064936e-01
4.418960719444640639e-01
9.569159797828974412e-02
2.833702410925617587e-01
2.576136132908741772e-01
4.381279218825646637e-01
-9.225828372335706518e-02
3.227070495694843166e-01
1.642472061846432865e-02
-4.356688020028343100e-02
-1.410149860329560322e-02
2.010061782404782005e-01
1.266218800159522873e-01
1.333156978589072339e-01
-2.075750460959344471e-02
4.136061930726341318e-01
-1.072087725717335224e-02
1.825082684142406986e-01
4.628171799821221427e-02
4.006093090024599734e-02
1.585959753181776510e-01
1.792705178523714415e-01
5.115252495960709300e-02
4.144907063827089067e-01
4.331337559067872101e-01
8.230394427163226223e-02
-1.064001425474137182e-02
2.606682288714007867e-01
3.008093721802669943e-02
3.904384108316109048e-01
1.521048105034662756e-01
3.502981755326218249e-01
-8.355495675527251087e-02
2.676039300004125487e-01
1.914702177196728194e-01
2.024022251958848828e-01
3.042107392180748437e-01
1.036421034402914276e-01
2.164578396805238725e-01
1.802194315322714138e-02
2.748157313777505051e-01
1.062214067436759168e-01
5.166073909362705052e-01
1.449769853468965419e-01
2.705893263271277882e-01
2.459671247101239966e-01
1.034540742756977494e-01
2.155007153225690086e-01
-5.718851770889887137e-02
-1.562666043540220651e-01
1.678589437031073051e-01
1.109809046836332802e-01
5.896984287718780582e-01
4.231265580984415464e-02
4.736972139291898420e-01
-6.771349484883831815e-02
6.634924456818846366e-04
-2.814354931401024662e-01
5.577348698618277423e-01
-1.678759032009630517e-02
1.359889248002283668e-01
3.771494401528145690e-02
2.116808981592934180e-01
1.398228066862396424e-01
-1.029294018891135365e-01
-2.068423694321576689e-01
-3.540937579711694871e-02
1.826860137322763034e-01
1.639112520336540035e-02
2.338352566332202176e-01
2.120182722075956427e-01
1.211749068216203262e-01
5.615837397034292855e-02
-1.223941103136676201e-02
2.984804076055601607e-01
3.084864516385524280e-01
2.205443469042465687e-01
1.572468790475958222e-01
1.262600852632870807e-01
-2.336287248636575442e-01
5.456762746488182936e-01
2.085828194333713970e-01
1.324946741379825765e-01
2.827966235882392598e-01
1.922433776394199267e-01
2.763194235671804222e-01
4.636411578308641951e-02
5.868719570954384485e-02
2.629081068024079482e-01
4.204262084894860863e-01
4.304602008233007066e-02
-3.327787858314173453e-01
1.975631178224725448e-01
3.819008694892375450e-03
2.670622338903744786e-01
-1.939983860550412442e-01
1.024259862679660626e-01
8.473584807215080172e-02
2.925586816651759015e-01
1.669975335500407387e-01
1.976204664851591297e-01
1.861435747348267611e-01
2.345088057668357970e-02
-1.506388879502654488e-01
1.457870027191526530e-01
3.956521017151472530e-01
-2.460677844252112945e-01
2.535697560515809412e-01
-4.577275374983965500e-02
-1.368516342857260121e-03
2.193646451585978541e-01
1.499725954761139401e-01
1.541642889608149103e-01
1.306141725026363221e-01
4.582035135507598889e-01
4.401780609964094926e-01
4.919112417368624868e-02
1.481193744850752558e-01
3.306119967332393772e-01
5.321016448708505708e-02
2.842973370014769130e-01
4.644421360117125253e-01
-3.214424430432905044e-01
4.299657632138458724e-02
5.745483586543935484e-02
-6.391169574323114777e-02
-2.048658938208412772e-01
8.573321941093699217e-02
1.005381097535417156e+00
2.201405900684982875e-01
1.821906764163081505e-01
-1.088614357856913240e-01
-3.825890558632136229e-02
2.355786244286941500e-01
2.529332610190928796e-02
2.010245443116559505e-01
2.417962559277077039e-01
8.819133427139862202e-02
8.115357932581786227e-02
1.806685534664576320e-01
-2.553921777896079118e-02
3.101276816096271705e-01
3.408877073725887219e-01
7.702912583894155896e-02
3.499088697006898924e-02
-1.307284030918852979e-01
1.123271534122510934e-01
2.346943105298795323e-02
2.519338854860169070e-03
2.307931170664479226e-01
-1.276752458070293771e-02
3.056778898245537390e-01
2.657861441411176751e-01
3.691012298408043457e-01
1.196838278123177335e-01
5.168717905922589617e-01
1.647082926253953528e-01
6.468880847095231403e-03
2.509719097566854296e-01
1.502432674794768608e-01
8.378513509941794279e-02
1.790461487061330570e-01
-2.545936861482709368e-01
-9.358633411172144478e-02
3.087522803228249235e-01
7.314645989951726324e-02
3.449541533079186206e-01
3.141472988826705115e-01
-1.086703146869259957e-02
3.799303990256823471e-02
7.601985462173871388e-02
3.040189500414993695e-01
4.568951616947820038e-01
-1.633786763729501712e-01
-9.869726371669815257e-03
2.995386459692784276e-01
2.161893806022843756e-01
1.035440586576488187e-01
4.364422773606294048e-02
-4.123448624719601441e-02
9.647186186486481074e-02
-2.111913191317918437e-02
-2.459780100462982400e-01
1.316542179865857753e-01
2.773643077618425171e-02
1.746277143585765745e-01
1.650266843204414025e-01
-3.390893407458905884e-02
2.636924095417678138e-01
2.756160271223861979e-01
2.385090622963068063e-01
-2.921273255008473985e-02
1.315670109639196783e-01
-2.324807058872386048e-02
2.669758131068396545e-01
2.835795952723369484e-01
2.218551421469186491e-01
-9.797842070658160929e-02
3.695778782156936559e-01
-1.082634100665488125e-02
-5.008246812467218728e-02
-8.791713677000299876e-02
1.973056187892916202e-01
2.901224241097499212e-01
3.026161133219359423e-01
1.278877911370804865e-01
1.317118810741577106e-01
4.607212545501566114e-01
3.673798042758291138e-01
-2.998366299651112829e-02
6.195369723433893361e-01
8.142663918562681458e-02
6.922956074302023810e-02
1.081810365527537815e-01
-3.826206130463004947e-03
1.918247403914166427e-01
2.256275094248535659e-02
3.844672629348190318e-01
1.423955949138262511e-01
-5.148067450514685200e-02
6.653286209002476359e-02
-2.062097122384168035e-01
-7.850446799234975584e-03
4.314983132591562742e-01
8.032749960198765082e-02
3.105738393139203524e-01
1.697320140938475899e-02
6.050605627302515360e-02
2.289926364168934081e-01
1.038348330220915799e-01
-1.912923269473242316e-01
-1.427382936471651986e-01
3.728587737562133464e-02
2.034285343965344661e-01
2.209966771106659511e-01
1.579183007608711276e-01
-1.873532825766156470e-02
-2.145706729747442476e-01
2.405103071216168342e-01
3.536459046052626842e-01
1.085341531224543604e-01
1.076896222791597080e-01
1.483064126186184051e-01
-8.195109599768388153e-02
1.922337815627379876e-01
2.447203951309404879e-01
-5.318419034878828916e-02
6.117670754330201827e-02
4.769558216058623901e-02
1.424098158445054607e-01
-6.173518129235375240e-02
9.257264265639476852e-02
-3.779776355720237957e-02
9.209868380824340339e-02
2.292622262120976306e-01
5.002748193879067579e-02
2.578968252117860294e-01
1.587869895551279886e-01
9.803428353288762276e-02
-1.418755705295138003e-01
3.224080528312565919e-02
1.344386454391191532e-01
3.798149266398413108e-03
-5.127072489934747512e-02
-3.615319677376244850e-02
3.440032613510046744e-01
-4.332766591446998022e-02
2.030007188022019404e-01
2.497402400549601775e-01
5.090446050610859807e-02
-1.567075892424209943e-02
3.607008105151808253e-01
1.622279366591357908e-01
4.352394060607477078e-02
3.987755261314984701e-01
6.431559194903316290e-02
1.967595926978142895e-01
2.170422665637962989e-01
1.944583650796869179e-01
-6.470885788979044428e-02
2.670475623570361945e-01
5.162249822330769455e-02
3.790773139883999998e-01
6.851984816637342324e-02
-7.469885919381934192e-02
-2.207291677621306056e-02
-3.166467036133701479e-02
2.732959569414684098e-01
-6.079613164416700771e-02
2.355459436689670283e-01
-9.979708810277201567e-03
-9.737836562578978949e-02
-2.038402142788859617e-01
2.963175973876619462e-01
4.138539386702717038e-01
1.695411401833109843e-01
-4.467624397338440523e-01
1.879348895435049849e-02
5.201190449166156332e-02
4.149907305267352964e-02
1.364736663375484826e-01
2.931461319505905272e-01
8.235933148288789030e-02
-1.356486000303584183e-01
1.578645165535273731e-01
6.340533422395261409e-02
-1.033168482706211047e-03
-1.337707700062070737e-01
4.248318190917246828e-02
-6.304995087801103237e-02
2.009105249877889826e-02
2.962157843347945074e-01
5.398705775568571896e-01
3.982158396964583652e-02
1.693449424277385096e-01
1.451379193568293202e-01
8.576719120662903428e-01
1.183885366873837636e-01
-9.054771545584108794e-02
8.327147828904389593e-02
-5.268257663794270046e-02
2.147298351330943766e-01
3.588654097318149661e-01
-1.229583314425008039e-01
8.014495669313177750e-03
1.354439246996446966e-01
-1.757814999077036283e-02
1.016784505044173031e-01
-2.381534521614192199e-02
1.712007568777176858e-01
1.716690355650301036e-01
1.494469036930433925e-01
2.955480833766659376e-01
2.236230145427921256e-01
6.928438166449243929e-02
2.018353116329796304e-01
2.335125898559189117e-01
8.587132108353730253e-02
1.388438208803315366e-01
5.143057260841967793e-01
-3.481350263313833654e-02
3.658670731793602915e-01
3.358795299887826213e-01
2.428560057865578048e-01
2.900117084874639373e-01
2.626870742384978530e-01
1.812186560068480001e-01
2.338026656493497613e-01
1.598825345751932747e-01
3.807230640999337973e-02
7.060590166745491815e-03
9.723622268344242481e-02
3.455399772689200510e-01
1.857688473651644412e-01
4.033668123203704714e-01
1.392421479324724154e-01
2.382588455499630165e-01
-3.683548755930451946e-01
2.278528099769707924e-02
2.106833608319884088e-01
4.980446696544414964e-01
-8.501038894704830706e-02
2.308039978515012414e-01
3.441094682388286530e-01
-1.129629123552903652e-01
9.705539566873619406e-02
3.115000258376896328e-02
-6.701206249978541862e-02
2.162541115169845304e-02
2.923608124081016890e-01
2.895442632257127502e-01
5.317510653884197636e-01
2.020442901384876533e-01
1.876017331394605747e-01
1.852354711948481780e-01
2.445637242654491797e-02
2.775604592122264402e-01
7.480502485827157655e-02
7.905164587225033124e-02
2.602793691065389825e-01
4.234265333967136141e-02
-3.643875063696582622e-02
6.892807507622837615e-02
4.515502048642505012e-02
2.736888762489780302e-01
-1.467098592711165439e-01
-3.049716131778797135e-02
1.131613329041401134e-02
9.893875028676560324e-02
-4.901833154503876244e-02
7.008460377634877503e-01
3.835755627072078705e-02
1.445088593687417766e-01
2.005049509570295263e-01
5.578452964773290557e-01
-2.123015326071741801e-02
2.069925252174197317e-01
2.394294068316528412e-01
1.047595634795133041e-01
1.755193239718839116e-01
2.824719572640389531e-01
-5.680323707973643915e-02
1.703012059924535471e-01
5.782768550671033014e-02
1.874234230185568562e-01
7.564426941376593827e-02
6.077042352539373526e-01
2.913956083827717869e-01
3.879935021821759311e-01
2.380998487410159944e-02
-1.399514261776203528e-01
-2.164786171621266991e-02
2.984530760720879514e-02
1.899786177418588684e-01
-1.006924221415827353e-01
4.010902387231430333e-01
1.453018016567377835e-01
3.169337982827457600e-01
-3.748677863883788462e-03
-3.049643231343677208e-01
1.578950439738813216e-02
1.175974305717354534e-01
6.127048586356845933e-02
2.696950057307554438e-01
-2.062272340265491333e-01
3.156674634850712424e-01
1.270471322560569050e-01
-1.442578647928388358e-01
3.938911336909091676e-01
3.586928297389347930e-01
1.836082887546479359e-01
-1.614390080096780866e-02
9.724975107510434869e-03
-1.869545732393372095e-03
5.753189907284576160e-02
-1.772095135391789922e-01
2.333290053671787934e-01
