4.439582171585175208e-01
4.025996606709855152e-01
-4.402559392547917283e-01
-8.493965025309116804e-03
7.110711293322864446e-01
8.469092643026197506e-03
-8.947752252436812215e-02
-6.104931054414586278e-02
-1.952406397541213423e-01
-6.443330120508411474e-02
-2.257798068871701980e-01
4.835577135181798325e-01
-2.215545073403248910e-01
2.073117557886875739e-01
3.105907753024909623e-01
3.049423123230535215e-01
-2.284191839133592472e-01
3.197166209280632998e-01
1.032801356621461386e-03
1.648436227449063818e-01
2.996912233222195215e-02
5.525011499869448839e-01
3.031578784105484203e-01
2.012742067118100109e-01
-4.754604687768854698e-01
5.312702853089718014e-01
1.346450691610646122e-01
7.374392577610453525e-01
5.057023998580922886e-01
3.689189163957459078e-02
4.383962166643380898e-01
6.433008997863695066e-01
1.499846551433488828e-01
1.812367910187125397e-01
2.151250537184798070e-02
1.807276765651985584e-01
2.254834223056985040e-02
4.119171772745565674e-01
2.985479860096214022e-01
1.332095875819301611e-01
3.714151295357355775e-01
3.086069434770603026e-01
-8.649152831215181636e-02
6.960470181938945011e-02
7.305942621255540059e-02
-1.986917849605855935e-01
-6.445998572922845282e-02
-2.071823355015695589e-01
6.941577854127345404e-02
2.089981617477943421e-01
7.645963722046178468e-02
-2.895049121120761293e-01
2.132759102045737043e-01
2.523661721999261032e-02
2.456144990245885396e-01
4.815398009261020462e-01
6.517694092493422353e-01
6.080586545185568959e-01
2.259365449402126191e-01
1.708289089743213474e-01
3.168433521956919852e-01
8.707571318868213561e-01
7.721254827839748591e-01
4.994669025567858855e-01
-9.243302486656018724e-02
2.398613085228948894e-01
-1.298489366225302755e-01
-1.233893923532594916e-01
-6.845810629521207336e-01
-3.150257194862877280e-02
8.586277666977497336e-02
2.986312549528064020e-01
2.579548792707934135e-01
2.594670895777442463e-02
2.202950027900874713e-03
-1.616170501986071151e-01
2.857804051068856821e-01
1.685109951206880397e-01
8.869008389549606908e-02
1.002734339990913985e-02
9.303094131027730973e-02
-1.526794823366585951e-01
1.096863513283155706e-01
7.499844885971187480e-01
1.802549064774579268e-01
5.305697806276045148e-01
1.958749385252210595e-01
7.700225989684904293e-02
-1.104906150993341246e-01
8.773636844761764642e-02
7.000163526730368568e-01
2.782071823595628768e-01
-1.792550653337085242e-01
1.507739963579715625e-01
6.515106314776216712e-01
-1.095198888202932874e-01
4.415438923473906652e-01
5.057781300587336215e-01
2.891029090515210426e-02
1.618706854677801898e-01
-1.663918606729704319e-01
-5.358754770521510086e-02
-5.314003743804877056e-01
-5.149289980516241760e-01
2.478533691087794061e-02
6.374154866140151199e-02
1.841937018953769822e-01
6.132983080233749273e-01
-1.106867413993569971e-01
1.081719644971166402e-03
1.743118965182564317e-01
4.973754281806996858e-02
4.332544196781366597e-01
5.734223753108413923e-02
6.533211194498568242e-01
5.903718672230444386e-02
2.982319031218126359e-01
-2.447858993451687004e-01
-1.175777321901026462e-01
5.147277190893681520e-02
7.520130988478767042e-01
1.008209546812354612e-01
6.175265490208271535e-01
7.218046396230311246e-02
5.658391899805323422e-02
7.256730828242757836e-02
1.726193362529683806e-01
-1.016142012533839178e+00
8.976954686849919485e-01
2.722245545356599163e-03
-2.352027126142557448e-02
2.658901303041721342e-01
2.562343441181403336e-01
-5.122814372673082511e-02
7.383374628711372178e-01
4.022180889310617569e-01
-4.136172158233641927e-02
-8.593200211219485796e-02
1.776435588674831478e-01
-1.012891383416711644e-01
2.847922710718020847e-02
-2.950002381586972477e-01
8.587237106196271563e-02
1.990084730306899419e-01
3.477296857846084999e-01
-9.649456755882698800e-02
3.504027366770673946e-01
-4.542789131411818088e-02
6.383847330942162834e-01
9.569187038487890762e-01
-6.544898973358860561e-02
-1.789735964812449731e-01
9.636707341654524028e-02
1.037110665229852430e-01
1.000723660960434747e-01
-3.421062525979515767e-01
-2.941035607921501649e-01
1.279508502623129818e-01
3.573790686930433669e-02
7.827409181033757879e-02
1.613646571568431720e-01
1.020364163590170570e-01
1.155946878237752717e-01
-1.161068035915411439e-02
7.189399292325889153e-03
3.653776295260563467e-01
6.241135704436658743e-02
2.748338423708903133e-01
-3.098490957190636053e-01
1.684703484957983041e-02
1.806140012935805450e-01
-1.138763918007944416e-02
-7.776720760947737968e-03
-1.938269546487904893e-01
3.487427888562669859e-02
-1.467400128275013760e-01
2.613425645070653891e-01
1.729472654059349968e-01
5.134478846807645491e-02
1.807997877950782983e-01
6.426683232690112435e-01
2.132289221512560506e-01
1.148451340200999649e-01
3.365985292915792404e-01
-1.232032142989813034e-01
1.679111827014019565e-01
1.856628587684446274e-01
-5.518951519266448447e-01
-2.470161719662091193e-01
-1.970225880897668591e-01
4.147528593465369534e-02
1.125479966486182121e-01
-3.701214112977084525e-02
1.430298036089081570e-01
2.965028384786694837e-01
4.894066728544842898e-02
3.571465873105614947e-02
-6.805778084160961361e-03
-1.705690175718231616e-01
-1.924318903314023790e-02
1.610227043285353543e-01
-3.448719768601406915e-02
2.138275360802778247e-01
3.051091304287708028e-01
7.002894586829359058e-01
1.522650928764487932e-01
-3.814196435972234261e-02
5.492885972202008471e-01
-1.596739865481699994e-01
3.327671634500754122e-02
1.763372592643697723e-01
4.997158222991165966e-01
-1.940940234276534448e-01
1.667277296901952255e-01
2.401395847308013531e-01
5.397921798594998988e-01
9.434468875728306558e-02
2.403607968131590555e-01
-2.381648169910768054e-01
9.500933709901635341e-03
3.502162988073928562e-01
4.118261691889396614e-01
6.703533653883868570e-01
-3.317802686253210065e-01
-1.519188548272870365e-01
-4.644171812936026544e-01
3.983777766268307152e-01
-5.000617274882848129e-01
4.809850382218556347e-02
1.014376579415538805e-02
6.087109153273855683e-02
-9.330475041918166734e-02
-3.955976852350746344e-03
-7.796573911806230217e-02
-1.120838678560500401e-01
-2.882357518962680443e-01
-4.127442191629318025e-01
4.936670902390182664e-02
-3.431594157951376595e-02
3.677342613120990755e-01
-4.189344066344397044e-02
-3.463477026197842035e-02
-9.329382493082934158e-02
1.533608524823350250e-01
1.183753223125286191e-01
2.622411358982726370e-02
6.143670078009809687e-01
1.237987072534911873e-02
-4.095218294841387885e-01
1.605485627838862672e-01
-6.895708440427536501e-02
-4.976934896104703299e-01
9.770024318410232278e-02
-1.451568989483979499e-01
-1.002739744314423836e-01
-5.030669609687139082e-02
-4.310755900514229855e-01
3.602178507978561622e-02
1.549350402390996806e-01
-5.809572902277496120e-02
-4.262743318877509902e-02
-2.910297097875123584e-01
1.935337696624364889e-01
9.599052101508338819e-02
4.589287939546686235e-01
2.813645018102439721e-01
3.234222821104232315e-02
1.470332797623024879e-01
1.541562958993223931e-01
2.715375617232914096e-01
1.544866745563464733e-02
-5.163173041672830532e-01
3.256146747805881425e-01
8.751317767711119799e-02
3.725845892025128059e-01
1.318203355361529105e-01
-1.408472565042660496e-01
1.194255066439272872e-01
5.134098889912221964e-01
-2.260998051134869569e-01
5.032847237630106996e-01
6.925884932632175861e-01
9.674027417651955008e-02
3.660366072690556805e-01
4.518440671982239532e-01
-3.571545281947494099e-01
1.201592200209531114e-01
-2.171203393455036976e-02
7.915463195732668211e-01
1.807350570463038889e-02
1.731296155281117355e-01
4.698913911796735038e-02
-6.456025271946023991e-02
4.268046946256743857e-01
3.969414267338382540e-01
6.643374953872546729e-02
-1.754275824809485573e-01
3.419452905795323239e-01
7.260050852985049097e-02
3.142154726632001016e-01
-7.620523760561968840e-02
2.413642334233395970e-01
5.239556231241730699e-02
3.522927537928873254e-01
-1.808486157901303681e-01
1.932927917936728135e-01
3.574425145262095649e-01
-3.580667753196888348e-01
-3.050625468618990421e-01
3.326783882071145115e-02
-5.288183523048112233e-01
-1.555345482412620051e-01
1.107492315268883247e-02
-1.330736723338504512e-01
3.352080878672283326e-01
2.371610482379243046e-01
3.323090144333454288e-01
1.874008511412235678e-01
-8.665794129547577107e-02
-5.007780299025080262e-02
4.576067671265038883e-01
2.410352981983621135e-01
-4.514437459906421590e-03
1.217868391396909333e-01
7.866067477957954246e-01
-3.195287993262838633e-01
1.668851387163167166e-01
3.391319142017697186e-02
7.490010795759775852e-02
1.711716845083814109e-01
-4.863801258641812786e-01
1.814273488154631297e-01
3.193181130658694911e-01
5.938367967622779769e-02
5.010464351194359178e-01
1.969212371716589360e-01
1.059615535858810104e-01
1.683222431753369774e-01
-8.393266847814333242e-02
2.545416223603033101e-01
6.644980382526888274e-01
5.448455067918949813e-04
2.740193617547734828e-01
6.478020313358276994e-01
-3.789411677169083892e-01
3.696393618212924226e-01
-3.368199893036312453e-02
1.731113072036533918e-01
3.130636846756098546e-01
3.030913675653579831e-01
4.364964364429905763e-01
2.966812133382586980e-01
-4.446370738316350324e-01
5.190215232040625848e-01
1.654894800129718679e-01
1.890692905309669380e-01
4.277298388762786063e-02
-1.720949478983060943e-01
2.241837022762561138e-01
-3.653735528258000853e-02
2.015412387749288547e-01
-5.329427510646467941e-02
8.988449246762501843e-02
3.792102733218214450e-01
1.387522348861267296e-01
5.661756191471150126e-03
-1.559245863328415360e-01
6.657486944075922952e-02
2.712115027738394302e-01
4.854321603189205581e-01
-6.195514453840747504e-02
-1.574757880464742188e-01
2.185046447996641661e-01
-4.352983436646322146e-01
-2.024904628159739095e-01
2.582630449957992735e-01
3.369169088347162555e-01
-1.050753016367800136e-01
-7.082561357033047289e-02
-2.381370521243914296e-01
9.059769573646923868e-02
-1.160461138497815292e-01
7.048639182417937299e-01
1.301960171091445795e-01
-4.624170755107905872e-01
-1.027010966044111656e-01
3.161158590245795041e-01
-1.121505308814840340e+00
5.573017346296971208e-01
1.093085847859695016e-02
3.897958047505412638e-01
6.265439052662107322e-01
2.147324940574713292e-01
1.808173665758485149e-01
4.526510010561090036e-01
1.844789905437672628e-01
5.871711976929332166e-02
-3.681845607073599980e-02
1.593677772414299476e-01
6.134725260441764583e-01
-2.816427515280628402e-01
-7.768690654521040462e-02
2.466324176093873943e-01
1.530629807487398908e-01
1.334431654532167166e-01
-1.940691205535483022e-01
-1.336417242874152478e-01
6.803155700683040097e-01
-6.591477320698752029e-02
-2.744706976584378455e-01
6.026296470705403419e-01
3.984469634711586550e-01
4.759371109135225320e-01
1.141879734589943268e-01
-6.550979057497662017e-02
1.011148389093146499e-01
9.471728283330919929e-02
7.486548111786690829e-02
-4.381135291729674336e-02
-4.757618393555023556e-02
2.996762354053598143e-01
1.267120715045451651e-01
1.082224467524311486e-02
3.127303104549952750e-02
-2.428671650337412558e-01
5.824926114052130649e-02
7.726675375715061356e-02
8.163020406305801502e-02
2.373728214403965642e-01
4.285040239078622415e-01
-2.827936222615395900e-01
1.546994561775987265e-01
3.749734793253545750e-01
-4.109889939342588061e-01
9.866676677123999151e-02
7.470107398583668568e-01
1.146929141290211202e-01
1.243860170826840139e-01
4.351630130569759669e-01
9.909282737670945806e-01
-2.821955710090154335e-02
-3.666933083523112868e-01
4.108613395623426090e-01
-3.704909086122255002e-01
8.207502832511893998e-02
6.243535147790945095e-01
-2.462214024363099801e-02
8.643284668550301753e-01
-2.039785484124075066e-02
6.750199170244933766e-01
1.842520042537537928e-01
-4.436642919321463485e-01
6.369808805120693584e-01
2.624698575056262917e-01
2.511541775638306828e-01
2.205444366938606460e-01
8.120303332896436910e-01
4.030858147278219006e-01
-1.910614677218078206e-01
1.257950289304352320e-01
-1.651174446957130448e-01
4.127979831348233541e-01
2.235210823361804752e-02
-2.901965941295482909e-01
4.708948030638114290e-01
4.434225229355203135e-01
3.649648984311839039e-01
-1.496783621425769317e-01
3.319479613447792188e-01
3.325519916113246488e-01
-1.556950625121079554e-02
9.760604002191834994e-01
-1.853746225637815589e-02
-5.660789763052492818e-02
2.874161667511262452e-01
1.905747959310939987e-01
-8.571700593429767978e-02
1.607868366378472080e-01
1.929384651602833733e-01
-3.800860571409355182e-01
-1.900878256080911280e-02
-1.711574223704928899e-01
1.107838369230692149e-01
-2.987628414641915198e-01
2.728116514007272730e-01
4.587384256008467109e-02
-1.430252417764421025e-01
2.636485449272845671e-01
-1.847270787525764069e-01
1.356472544494990717e-01
2.089190925861906523e-01
2.438237500835631899e-01
6.320739916049016027e-02
2.682602487168319616e-01
-1.331352664965936017e-01
-2.860582298351109221e-01
-7.490232962766554259e-01
1.999165717406147236e-01
5.461685318714691595e-02
-2.428600681711307885e-01
8.322604188746860476e-01
-3.874824017110335972e-01
-8.900130954752959178e-02
2.795558879438133082e-01
1.036752084712799338e+00
6.084622091124528009e-02
1.658898993324881888e+00
4.560977033597127250e-01
-4.432198967089661101e-01
9.756514615120098766e-02
1.335978903841350818e-01
-1.065346534720920252e-01
1.375820474052159847e-01
2.144468602721532058e-01
-1.589113043837737591e-02
2.883809749647412921e-02
2.183361675822823034e-01
4.253517771732086283e-02
3.167469791284832636e-01
1.288414419400122357e+00
-1.177654703812103382e-01
4.069195233966390601e-01
2.653638031470208491e-01
-3.572945478427669297e-01
2.563767076637102349e-01
6.219742419568048408e-01
-6.726261610570577476e-02
6.556251700509001246e-02
-5.311356745013199286e-03
1.206983026419751331e-01
-1.380595664149969759e-01
-1.941213184289089788e-01
1.314595214430668013e-01
3.033757241557499817e-01
-1.606719894300921367e-02
2.921290633275457349e-01
4.939404190520117061e-02
9.635161600962948159e-01
1.749236281065044696e-01
-2.753261267735260254e-01
-2.152758215697114230e-01
1.210686339937671330e-01
-7.116496371093580797e-02
1.810781899944790274e-01
2.716523166555090962e-01
1.271822788786143854e-01
2.475219391544340453e-01
3.744917915423178756e-01
-1.585084081893647912e-01
-4.089587022189572485e-01
1.694035842238243716e-01
-8.470748936968885978e-02
8.316775865561942815e-02
6.275515677293461159e-02
-8.300759933397171275e-02
-7.741419878033736768e-02
1.295494622048411759e-01
7.862501479282000272e-01
9.462676114093447610e-02
6.561914258112599985e-02
9.063467722910865942e-02
1.856598107901845096e-01
5.344439432871436191e-01
1.571219542706367711e-01
3.751545516490955579e-01
7.956141993930057610e-02
3.363272806600215437e-01
3.584653321838054962e-01
6.232490527687389870e-01
3.565747460411504699e-01
3.574421792771687589e-01
-4.116318941979800472e-02
-9.837677215017300025e-02
7.211070588031274695e-03
1.157756381250751448e-01
3.226891887614513621e-01
5.902261387330433040e-01
-1.005204785008942669e-01
1.115965739543540169e-01
5.731967862793488355e-02
2.360237884223161942e-01
2.753763580389235743e-01
3.585115207763984319e-02
-2.812383707043570463e-02
1.437941649046583503e-01
8.962721521729911656e-01
4.298909435459665196e-01
4.437211162944935117e-01
2.492173002882172861e-01
1.680430584788338844e-01
9.368915060964898289e-02
8.550089848918487889e-02
3.260521414947682439e-01
1.748499564402947459e-01
9.212809869435996390e-02
-5.757932677071818384e-02
3.667541162922157566e-02
4.455176449895165702e-01
2.882141869652928845e-01
5.335832904587849146e-02
5.098234046041438816e-01
7.375711336673500262e-02
6.511181913551220002e-02
5.346207682272370587e-02
-1.140029769643193663e-02
3.451122060330079067e-01
2.026404822074868439e-01
1.295803585857110141e-01
3.803400908459542706e-01
2.760344036101422538e-01
-8.659326132047068247e-02
1.862661944710110873e-01
2.266880853983003000e-02
-1.004157317816913864e-01
-1.376611204418217715e-01
1.451240717986369000e-01
3.874098790996461927e-01
4.096289739533638397e-01
-3.765167064352724635e-01
-1.031728412606945644e-02
-1.135733539903202721e-01
3.606812925735215503e-01
-1.966891293432866117e-01
5.514816386797813941e-01
-7.992771255698566391e-02
2.439091714609971928e-01
3.290417573042633270e-01
3.665624668039743628e-02
-2.500494480462793767e-01
-8.091038534529913784e-02
1.640024248847382626e-01
3.243874839622702955e-01
2.082176342813285286e-01
1.455172240835390651e-01
3.422882985068023132e-01
3.153438949546337189e-01
1.194776441269638778e-01
6.062476377740968342e-02
2.853278153749355117e-01
8.333985034007258819e-02
-1.221133778204842035e-01
-3.340603806615807803e-02
-2.686796022305070614e-02
5.008845407279433060e-01
1.714642557610329687e-01
1.115000307628178505e-01
-1.085941776298996880e-01
1.195011295544666785e-01
-7.441627170621999132e-02
1.406465844912049568e-01
-1.560893913603880225e-02
4.069807471226696283e-01
4.932751837878674994e-01
-3.846623036996577732e-02
-4.998656032917973557e-01
-2.293918299659907512e-01
-1.736043934278461154e-01
1.581977079184780366e-01
-6.302212731391348965e-01
2.964217258222098805e-01
-1.386546421405313034e-01
-8.739949222471168552e-03
-2.395557525437190804e-01
1.199435350195098005e-01
3.864724444838853468e-01
3.091228396924950994e-01
-1.346621108109696263e-01
1.283130704587106263e-01
1.747674071365103166e-01
-7.438060691001938673e-01
8.883371818755915472e-02
-2.839252141760062464e-01
3.346011013188425476e-02
2.763385048600270344e-01
2.190060931284983914e-01
4.076988665125371586e-02
-7.626289774225672577e-04
6.298457309007874372e-01
4.082624204432209747e-01
4.126410640164278609e-01
9.685442256185958221e-02
9.539053918561292145e-01
2.442327650697099228e-01
6.440635526841590464e-01
1.630295107902476115e+00
-5.326983406357426176e-01
-1.028055441078462307e-01
-1.597872678304410599e-01
4.392792694568794509e-01
-6.998195432138404337e-02
-3.672908720944778604e-02
1.369676885005740363e+00
2.432164718051159358e-01
2.102912744353487573e-01
-4.120065379226736657e-01
-2.111184401705948344e-01
3.861083092273950856e-01
-9.452166943409141819e-02
1.446628073422394078e-01
1.165304359765010067e-01
2.392549218754486673e-01
-4.349052495125000362e-01
1.800222681527565566e-02
-6.171713146890067669e-01
6.265591502868764207e-02
1.747950607374026410e-01
-2.380871200286616418e-01
8.833433256387192289e-02
1.055445837426697980e-01
2.343008497712363858e-01
9.624180530565301650e-02
-4.754983361773847811e-02
4.311751536289982201e-01
-1.491906629726507949e-01
1.667210288455285017e-01
2.747140142867571799e-01
1.546132670271880838e-01
1.063887439550221525e-01
1.180355044060918290e+00
3.265585946098971404e-02
-8.622100511408879731e-02
1.737052076881830665e-01
-2.360230841744569152e-01
4.642789178914613069e-01
2.011766858195640495e-01
8.752283848792397070e-02
-2.377769408109797755e-01
6.912634127701472453e-01
-7.302549412522968669e-04
-1.186789483503166917e-02
-6.008327390439371224e-02
-1.343864726266881804e-01
-3.719331800884538575e-02
-1.213131848942377300e-01
2.941801568908401082e-02
3.793306123362549798e-01
-2.409791498937563226e-01
4.040494963526437139e-02
1.659474159763368872e-01
2.488640757784143370e-02
7.445135088552859992e-01
8.895101687327836015e-02
-4.837053823891769300e-01
4.437368849544351956e-01
5.992708501419757861e-01
-1.421651851879486839e-01
1.269960636308329338e-01
-2.450373013598515781e-01
2.059197668201626641e-01
7.945334434920123812e-01
-2.628566841810534571e-01
-7.953395828503936893e-02
1.226367404419336643e-01
2.473514600655379314e-01
-5.641358061353381192e-02
1.320185548185262847e-01
1.180150351371146156e-01
6.134982670693525098e-01
3.597450258379682464e-01
7.794445668794054705e-02
5.047657681016762959e-02
5.792089843194573456e-02
-2.290623119084062576e-01
6.168574658954069090e-01
-5.067645709013506305e-01
-5.864474713318761079e-02
9.065593473147158798e-01
4.394072387194556950e-01
-2.646830084499047220e-01
3.335212308430688943e-01
1.250397565483151452e-01
1.397149838406131217e-01
-1.738540228244889740e-01
4.730935245293213520e-01
1.773939273693717067e-02
7.654195122536081586e-01
-1.551651597714376156e-02
-1.732133594778023367e-01
2.384636933328166675e-01
-4.556671916613322382e-02
3.663069113643168673e-01
5.991722713185916593e-02
-1.308672124311079377e-01
7.027985560741328852e-02
-1.380482213542875980e-01
9.662461043165749830e-01
6.313197293328027815e-01
-7.414394188163495047e-02
7.349425435136657248e-01
1.104611250877584328e-01
2.306768989017088378e-01
3.713975056565533839e-01
1.909897001392129312e-01
-4.290870496657978594e-01
-2.651703026963899909e-02
1.286158241670876667e-01
4.675023103650207679e-01
-1.185578803124194038e-02
1.935065503138451437e-01
-2.865211171080893626e-01
1.068947054788053075e-01
4.511269477044817511e-01
4.494171636443380913e-01
-2.794614229974103359e-01
-6.315918402124777453e-02
1.215809257026216755e-01
-4.343200717566568503e-02
4.685421981769292282e-02
-1.339756854902870165e-01
-2.484484033030029404e-01
-6.443372402765042140e-02
-7.745462020276734638e-02
2.247635955354377324e-01
-9.845082566206332653e-02
7.467370891606404937e-02
-2.204915882772679470e-01
8.488318111316171810e-02
1.134115701532842080e-01
-1.416616665460279645e-01
4.397676112954812533e-01
2.196156588617936833e-01
-1.369166652292873043e-01
2.539977316873460178e-01
3.599474883889462462e-01
1.339155655109128817e-01
-1.363134652055883744e-01
-6.718783311085814169e-01
2.937792471434754263e-02
-1.778505870668968258e-01
1.301701392741922980e-01
1.565606329480233871e-01
-1.079029710451627488e-01
-2.712949494613440260e-01
6.995400685125181817e-02
6.269100271384555612e-01
-2.344947033921859492e-01
2.391061810361728296e-02
5.486723954338702525e-01
1.013342907941357368e-01
1.850539239284764992e-01
1.593709469517469168e-01
1.889006517927997453e-01
-4.409531345004355507e-02
2.705158721764530649e-01
-2.416990350775277407e-01
1.701400086841804715e-01
2.364956144973969221e-01
-2.492761081404324883e-02
-6.882162776656461367e-02
-2.335168520284437443e-01
8.278133534882103906e-01
7.344644526756126390e-02
3.080701423645877401e-01
7.721903217448769507e-02
-2.219874107014252473e-02
-2.574332473384328690e-01
1.056479387178902163e-01
6.288066908635224772e-01
4.702897211510958519e-01
-7.837912439937212428e-01
-1.697637575548758826e-01
-8.214039964844674357e-02
-3.431835647895388752e-01
4.738765425966035699e-02
-4.887898504063429433e-02
8.427036165646432098e-01
4.431862242177910666e-02
1.760608054605689865e-01
-1.848739571811170530e-03
2.409561576307360509e-02
-1.492469691955709832e-01
-7.723833411027673790e-02
-1.030908599893554795e-01
2.259573806659158357e-01
4.077169795911554928e-01
7.105746541361798174e-01
1.989830187862588473e-01
1.801334052123286789e-01
3.463012712433332640e-01
1.710885650681847281e+00
1.074443935852643223e-01
-4.312969320341412671e-01
2.824869674277333820e-01
-1.052728302907790930e-01
4.422351975949396219e-01
3.490661437389923072e-01
-2.696354387868103997e-01
1.102380762722566243e-01
5.609915256915960491e-01
-1.959860920957472996e-01
3.970668755780942250e-01
-2.679455937291202322e-02
1.376833826429536833e-01
3.578510400186284742e-03
2.301795338393311796e-01
2.514846213728375579e-01
-2.980615377343865877e-02
4.034415047031884582e-01
7.379539065110804485e-02
6.399618110563778939e-02
2.731433637672251932e-02
1.460436757541287156e-01
5.432400202477469797e-01
-1.331691971630121762e-01
2.173578984583722229e-01
3.592028636425749211e-01
7.592449440005053507e-01
-1.086300651473598583e-01
2.679452214507729857e-01
4.971541326838901931e-02
7.466926352734115646e-01
5.015734704928636045e-01
9.268891119707157733e-01
8.673829782142483680e-03
9.477619263819934969e-02
2.061139465707039764e-01
4.834066351817565277e-01
1.229350209711030262e+00
3.210518260345573971e-02
6.368975613349307785e-02
-4.248070610074072273e-01
3.828330528372372310e-01
4.768433280942813157e-01
7.049418721425583234e-01
-4.932507982712629885e-02
7.856964374339978074e-02
1.978825596396305841e-01
-3.622556165493996394e-01
2.543000361688783628e-01
1.310734700170680112e-01
1.905476025125954487e-02
1.059431784878719779e-01
4.879661027040241850e-01
4.633196895808065485e-01
5.420947278316844420e-01
4.442640903782834605e-01
-5.665191070895592151e-02
2.824263162836697094e-01
1.481591655518757662e-02
5.165253916275047708e-01
-1.076205751562354582e-02
-2.778906138264151116e-01
-9.472997256440120195e-02
4.900728867606458650e-01
1.404282373250228533e-01
-1.224147182427059444e-01
1.010907036104246315e-01
3.738175431681410310e-01
-7.085962908105281066e-02
-8.833338270070396903e-02
8.260144303668295884e-02
-1.528265372484428064e-01
1.909329237991157779e-01
1.401591058930610478e-01
8.457254346862842775e-02
4.947631713457887465e-02
5.226868309862358064e-01
-1.294219054086101217e-01
-1.519038551254734137e-01
3.429548137741849634e-01
2.036767314868539736e-01
-1.193711194842537494e-02
2.099130363690805412e-01
1.617321003013561798e-01
1.428070342921661795e-01
2.835110578066907250e-01
6.821139129379959198e-02
-1.777956408554601797e-01
-1.385036982209126612e-02
4.876172047518523844e-01
4.238478510496032636e-01
6.509755273353468041e-01
3.185494105408853693e-01
-5.017186555924545432e-01
8.470266627884887045e-02
-6.351121937923135362e-03
4.730213339347394408e-02
-2.515888119238900988e-01
3.382799788122383133e-01
1.741280095816163664e-01
3.447563302507232752e-01
2.784448194241729846e-01
1.236282888931530682e-01
-7.461172030067435290e-02
-2.394368733564599394e-01
4.128863618190176110e-02
3.378433860414509216e-01
8.112214027827331642e-02
3.286671357167046392e-01
-1.225346440153067124e-01
5.649452801321384054e-01
1.228901064424986894e-01
4.125149550139838306e-01
1.926719163687934944e-01
-3.818603785840895409e-02
-6.820525011357871092e-02
-1.281326183598817670e-01
-1.385825970868625190e-01
2.458690533447780435e-01
5.981285417753808703e-02
