-5.647012440501685687e-02
4.029299647304727672e-01
1.085305708270353220e-01
7.054250299345618536e-02
6.612540726463794760e-02
3.549768138401216411e-01
1.944223622633829002e-02
2.421918285370530111e-01
6.874959500009765467e-02
5.565786718546223977e-01
9.396513816529575291e-02
1.217479754181627627e-01
1.317516504144561895e-01
1.657454704005550394e-01
-2.205388292984268930e-02
4.392752374396486914e-01
1.863113176298887008e-01
2.357751324825500816e-01
3.399594223582664831e-01
1.266718356583008132e-01
2.137823113528169311e-02
2.410399836726796752e-01
-1.870066791081455848e-01
-8.121447464336262190e-02
1.438609442762964485e-01
-9.286542152291349383e-02
1.180708257427341562e-01
3.249364534616078215e-01
8.860623127246934627e-02
-1.018242461135450416e-01
2.845851401116694102e-01
-1.601475577648546478e-01
7.116137149671819886e-03
2.528680820460024736e-01
3.146921907295409659e-01
3.285176113101179185e-02
9.864382075734030864e-02
4.539756921077498820e-03
4.809792079332833037e-01
3.287535997536688570e-01
3.706718619995971187e-01
1.101400014323527798e-01
2.491195294341387312e-01
7.035986168752543790e-01
1.362700182186557252e-01
5.028851912861305173e-01
-1.040657170119681091e-01
-1.995600344957828079e-02
6.358618426569541127e-01
5.788312462882151399e-01
4.104930547284921238e-01
3.914801470947225637e-01
-1.571512055432334187e-01
-8.927528821951994861e-03
-3.757295114899005667e-02
-5.163676639242656963e-01
-2.466162643131320220e-01
8.491131644156438285e-02
6.232241808251919313e-01
2.027722312462080026e-02
6.953891909786238945e-02
-6.635908793843602049e-02
-4.661825277589400907e-01
3.371666286202518181e-01
-1.319585173330839190e-01
-9.033402264177810281e-02
1.191327003171495924e-01
4.033203218097120568e-01
-3.249286704522147406e-02
6.833759537746925128e-01
1.860785688171654739e-01
-5.430767106646334774e-01
6.541034831777652325e-01
3.051111818581471180e-01
7.702259588210645935e-01
3.894089673060324025e-02
1.050157275680538710e-01
-2.381519913448529660e-02
2.266346990602639555e-01
3.781054382389975044e-01
-1.212361977506869887e-01
-2.227398966160013538e-01
1.957100021161105874e-01
7.583763977145491220e-02
6.991571049728742548e-02
1.316933278735596402e-01
4.853856062311874275e-01
8.166245951113967338e-01
9.247362068922183875e-02
6.129519388839649308e-01
-2.014079741709101923e-01
-1.764985386593224126e-01
9.882670341248152024e-01
-2.725994620119208678e-01
4.023832259072596118e-01
-4.799301955959021093e-01
4.635701284486928864e-01
3.327788538287701492e-01
2.429671752641306831e-02
4.002758737244964393e-02
8.091349492129082388e-02
5.726392371053011521e-02
-9.555525750333979454e-03
2.709357880701064938e-02
6.081918636841223691e-01
9.929780758396042351e-02
7.654743807140756973e-01
-2.301835156244986802e-01
1.367161513001845519e-01
3.292046012387140896e-01
2.855570920857518624e-01
4.552374947914379355e-01
4.867276952269879997e-01
2.820853624976185081e-01
-1.793833587419953191e-01
1.666887041170680706e-01
3.648329034912425883e-01
4.161042486765362258e-02
-3.409691407559195531e-01
2.148036768865142498e-01
6.665446585898915366e-01
4.233075488460650848e-01
1.540005744989788872e-01
-2.945438583308848113e-01
1.540639150046714811e-01
3.815575151445511209e-02
-5.972023014771576932e-02
-2.385867520222714755e-01
-2.623341429471290898e-01
3.160564919088317271e-01
2.523420225697268204e-01
2.616596919776550956e-01
1.922605686239696743e-01
1.004176055483222418e+00
1.100671132182523104e+00
2.505160931460550522e-01
-5.062071222428227157e-01
9.164711624236723808e-02
3.396001412997265434e-01
3.135428369563119655e-01
2.049537880758804942e-01
6.256830805215020386e-02
-1.196124572088474655e-02
-9.673318757927230893e-02
-1.007816603675446010e-01
-3.219262539094372433e-02
-5.171942472772527166e-01
4.129655675998926134e-01
5.003614119236704516e-01
3.436746319583467574e-02
-4.694089761565158059e-02
1.092936481634331353e-01
5.311909235340631780e-02
-3.871301922165916714e-03
3.870668511855142047e-01
1.962740834250576993e-01
2.729878175923461936e-01
-7.006249281994483824e-02
-1.119128875297947662e-01
2.491807025257003483e-01
4.341404978648087942e-01
1.145364690973995625e+00
-1.457579719609171376e-01
1.556374726816683873e-01
1.273202683508903865e-01
1.315589883182630704e-01
2.445323246233802594e-01
7.420051121121509774e-02
4.956127049848150778e-01
1.177188393509542574e-01
1.005736377516185942e-01
2.839619538249168462e-01
3.422868231502567693e-01
-2.338812477629563791e-01
2.741545758062662319e-01
-4.108214367634428765e-03
-6.391239380811817791e-03
3.903704730578999027e-01
2.505040520389698044e-01
-2.746952953906152406e-02
2.489454337869407563e-01
1.321473366537857519e-01
3.897583576715001885e-01
4.454461919395090175e-01
1.037219138727509149e+00
3.320902800460386051e-02
4.737822559824512725e-01
-1.078464092882358422e-01
-3.047097004052540248e-01
1.586236103460410274e-01
1.595440640874894733e-01
3.306813234366626775e-01
1.512174464317816158e-01
7.747877293880270355e-02
5.039640341914006921e-02
3.722629182453590646e-01
-3.797347114326803802e-02
2.276422559934966269e-02
5.429983153910095117e-02
-3.070799334370319031e-02
-2.257784640758201400e-01
6.761537132764719460e-02
2.935870617839523855e-01
1.227085101047658555e-01
-4.689301116362121907e-02
-1.554365421477132414e-01
-1.858576124703211208e-01
6.223011109066577118e-02
-7.130821964799725909e-02
3.863563692844617092e-01
-5.038033587149015613e-01
-2.591224861689199743e-01
-2.841459365861025849e-02
6.293570324399563876e-02
-4.897639777132886674e-02
7.020551935323364745e-01
2.170033560153202257e-01
2.798063784631200646e-01
4.616665291014964562e-02
7.041530013602838034e-01
3.261962021308086324e-01
3.169832161217313038e-01
1.794914472533662986e-01
2.617597306900618093e-01
2.243308246698056396e-01
7.084424173379831602e-02
-1.262704266309039036e-01
3.553254852051223045e-01
-5.876523206473612815e-01
-2.495539775767682822e-01
-1.973802723000858961e-01
4.325248275325719316e-01
-1.732052023466033042e-01
2.789399808980005252e-02
1.422354185053924802e-01
1.792210067512723382e-01
-1.177175279445707434e-01
-7.623581236692560104e-02
3.529610294440527762e-01
3.822726979781927714e-02
2.165117921510072152e-01
5.571405866918775068e-02
1.287784758289564901e-01
-1.089250463612599362e-01
-8.531351260002288965e-04
4.244663882396493282e-01
1.626228207219863192e-02
3.254111374563558590e-01
-4.151328343859258391e-02
-6.677329293120601306e-02
2.215614141809226223e-01
4.788111729696702956e-01
-1.432071723595397250e-01
3.659609926544694081e-01
-7.500665617615581704e-02
6.743639827229860884e-02
-6.721714710277583160e-01
4.385522440021351054e-01
-2.426214364118376987e-01
5.930985357099994859e-01
1.898441011991312544e-01
3.482165018190955252e-01
-1.678292019327918827e-01
1.905753829760129525e-01
3.931690973579922144e-01
1.374530767815680676e-01
1.459455526815361948e-01
-3.065745865322868080e-01
5.627040308398041368e-01
-1.251138056018027966e-01
-9.102812887424201194e-02
-2.087262525211201758e-01
2.620600094182089501e-01
7.517094367097603147e-01
4.268655767638011578e-01
-1.154835135600862095e-01
4.901412714707627516e-01
-1.118997777311470099e-01
2.823812132527723784e-01
-1.096249097147535684e-01
5.947260066598614864e-02
5.176584235799233102e-01
1.755116843274631966e-01
2.327179360744812131e-01
3.745693301202514952e-02
9.721531916907955040e-02
4.055558828679619032e-01
2.399102351656648147e-01
3.676599240446295352e-02
4.567864258683904111e-01
8.855177841317792009e-02
3.888845053746949054e-02
-4.655396260761691940e-02
1.912135715847228246e-01
4.879540197293150694e-01
1.069327052623135543e+00
-2.606928917883518659e-01
-2.460165755140282240e-01
2.392818886581176974e-01
-9.334362567535345323e-02
3.362482596442036842e-01
4.576190304626330252e-01
-7.032136277039742478e-02
2.363595679757150014e-01
2.055161046402429192e-01
-1.287935886765753102e-01
-9.003483633242721773e-02
2.866493407881259836e-02
-5.023037983555513758e-02
-2.213066362238298723e-01
2.263350997587240399e-01
2.410358413971112335e-01
1.307347497336326381e-01
-1.246721929118615180e-01
8.666502734854589773e-01
-1.961058135183035012e-01
4.828919448441615359e-02
1.960175065031567743e-01
-2.119686647771610033e-01
-6.689920788026051945e-02
3.634496125720065307e-01
-2.533281095810388517e-01
3.944479496648832795e-01
5.325633546297682541e-02
1.968879093172662409e-02
5.961906277926467407e-02
1.708337927862693889e-03
-6.163024657678670137e-02
-1.922392446697869517e-02
4.271866391016883036e-01
1.794099913458339635e-01
6.712505841347928826e-01
-6.341660521141163909e-02
3.478360902906476367e-03
-2.354209082386680973e-01
3.889202068378219135e-01
1.849404272354825129e-01
-7.756132313829416924e-02
1.363028609410389391e-01
-3.153125750033243802e-01
9.621902756933760348e-02
-1.174166815103774020e-01
3.980835282126982122e-01
6.254696208477170671e-01
-3.008037573842661239e-01
6.561574264189012906e-01
-3.421466549575413046e-02
7.276151595153494966e-01
3.581510113830120301e-01
3.794171462894164737e-01
3.491956860317417255e-01
4.313805304984267286e-01
2.168042602548610753e-01
5.789704014311015945e-02
5.466277425400698636e-02
3.369328714774066924e-01
4.155989973385319503e-01
-5.622089024579086658e-01
4.521181196243496264e-02
1.082566914409322928e-01
1.549574706027760096e-01
3.369217695009588676e-01
-1.877003381433697262e-03
4.094566378072637125e-01
-2.347882990046273322e-01
4.447657736630323266e-01
9.327191605267667884e-02
6.733813652508217895e-02
2.129969049464987552e-01
3.829901436259858238e-01
2.175230936393044573e-02
-3.384773485951621252e-02
-8.575630482831869683e-02
-5.320297923021102271e-01
5.021108238055448370e-01
4.353360393846579801e-01
-3.280098450187942521e-02
3.351890541328688133e-01
5.629709212071384306e-01
-1.602028312820759914e-01
4.614220142261176716e-01
8.535922145369743974e-02
-2.992593168670344417e-01
2.264380626224601900e-01
7.003099928171696575e-01
1.568974671581170321e-01
4.878706549878648047e-01
3.507769757740000216e-01
-3.178383169705581990e-01
1.175966391740185940e-01
-6.209701804485835003e-02
4.934512466841807776e-01
1.885414204521606296e-01
-5.342630738532115897e-01
-9.802868568055825640e-03
1.682759514252845368e-01
-9.684299338754948083e-02
4.230758078408056733e-01
5.201473464971640981e-01
-1.322422356048520986e-01
-1.966506802506416685e-01
2.112254559282138455e-01
5.871104396661984692e-01
2.372156531325755879e-01
3.766328822668305043e-01
-1.325663162069886658e-01
2.247361709664470464e-01
-2.367083291501044517e-03
-1.464571686593897637e-01
9.003230098601079645e-03
3.082492226138821012e-01
2.499297665896563769e-01
-1.735924968289442871e-01
4.957409327742825361e-02
3.490135499436980426e-01
1.800397885032529177e-01
2.787725838461284633e-01
2.230418491870741204e-01
6.016143657943193723e-01
8.346978235666176194e-02
-9.519120946184130017e-02
-4.045795039499140711e-02
-5.334243878729991173e-02
-2.137761646471549593e-01
-1.364238742947131988e-01
7.388068178742133174e-01
3.099705685148302359e-01
2.954179764330276681e-02
5.170571244122499494e-02
1.282114253647796687e-01
2.571750955403008174e-02
-6.382018933745828848e-01
3.735932029205473598e-02
2.400121550900855549e-01
1.074852875963799165e-01
2.354200118969786149e-01
6.478178716676322169e-02
4.485191628074888248e-01
-3.196713150512479201e-02
2.053918118622631572e-01
-8.931391886436131078e-02
-7.408373684205216136e-02
-8.703624789335537293e-02
-1.232183928101099474e-01
-6.379818072623066882e-01
2.039873258254184252e-01
2.303806104857963610e-01
7.425157705631165728e-01
6.436293435793214446e-01
-8.829240839528620585e-03
-1.066137331685637485e-01
4.800202950238500743e-01
3.503494574953420204e-01
1.466770010268506896e-01
1.984664490316015162e-01
-1.852842523174109690e-01
2.955709857172827415e-01
3.135467751051705387e-01
-3.632165346386485860e-02
1.496353619387157941e-01
-1.542616973820535864e-01
2.409425138841615396e-02
4.011470929748285341e-01
1.327858046066242859e-01
4.327581665664385624e-01
-3.724806926327825507e-01
4.108453537913234893e-02
5.922991174355295672e-03
5.259247034588152570e-01
-6.330172436671543945e-02
5.709808460168935840e-01
2.253876719409264595e-01
3.410632195393083210e-02
-8.732154184924842411e-02
3.743257339816535301e-01
1.750404867873081027e-01
-1.799265923299199765e-01
2.706965005400840396e-01
2.606735483995962221e-01
-2.649278766800098814e-02
1.312628370229120822e-01
1.937397886917221201e-01
3.476784777934051607e-01
3.358852103719087157e-01
3.391824310153492839e-01
2.959290269347167324e-01
-5.245510147046934107e-02
7.510930489184997061e-02
5.122181848868596621e-01
4.606790596947686889e-01
9.333757994906276279e-02
-2.818769594696843989e-02
-3.612684343920614938e-02
-2.309121864827208548e-01
2.543739816173567689e-02
-2.463274210213087789e-01
1.205589783187432928e-01
4.396322507067784158e-01
2.580959002614747755e-01
-7.340263566494420466e-01
2.519282204772873013e-01
1.653461935450992737e-01
3.108691879430871552e-01
-6.430421341749904818e-02
3.321742539401036920e-01
-3.154324138002154165e-02
-2.601089832020564430e-01
-3.394563598533414939e-02
1.985658125559902273e-02
4.840769109037463061e-03
4.623094336266516703e-03
-1.387872015025672923e-01
1.697530222697477692e-02
9.318971959367914337e-01
-1.208584852592825415e-01
6.336432350667055291e-02
3.734986676775092218e-01
2.709334851500145303e-01
7.296781739778659959e-02
1.145914613893891376e-01
1.674118670405461418e-01
2.821308700341224607e-01
2.679602541290523887e-01
2.506121713693104103e-01
1.626349974103273588e-01
-7.537815257804321434e-02
2.642974563916627995e-01
3.379814626621728546e-02
-2.392783751526057420e-02
8.672310013030277986e-02
-2.623269730508126507e-01
8.450124571920102079e-02
-2.110266021076907805e-01
3.692328848405601049e-01
7.845619689568730792e-02
6.423537918678863257e-01
2.053016003967142455e-01
4.263320232154284017e-01
2.172612392172471596e-01
1.823216973952323239e-01
1.344511106056439365e-01
-2.038614866721090713e-01
2.609369025026457289e-01
5.311984984040171165e-01
3.200706791809038720e-01
5.050048733286747332e-02
2.604027455140495162e-01
5.090679644089605160e-01
5.042912933202209347e-01
7.204666746486600160e-02
1.893026943147882168e-01
2.150628146533420937e-01
2.874900816397887859e-01
6.844348144272782708e-02
-5.343961548384958821e-02
6.243378519745106797e-02
-7.604430401122361238e-02
5.541652892359540117e-02
-5.231856885302086368e-01
1.780213003855780907e-01
7.089215165968487664e-01
4.466990971432198143e-01
-1.376881807928574120e-01
-5.249461256037057932e-01
3.699426653524616193e-01
2.315617364292701930e-01
3.393449048903642851e-01
2.334234368601584286e-01
6.391633660861202326e-01
-2.457331824983869650e-01
-2.947780402616346010e-02
2.170484578356511041e-01
1.387894365699842703e-01
-6.780815916099094953e-02
1.513548654804114102e-01
-2.211404579493542188e-01
3.204737073094907629e-01
-3.032889255721654687e-01
8.877858467904276019e-01
-5.758379865159718447e-02
5.312239124724260630e-02
2.606415079328526507e-02
1.660933985760260773e-02
4.658466216623150524e-01
1.702555067348512086e-01
-3.935435645579721253e-01
3.127391732150767711e-01
1.898990641930314027e-01
-2.716323161334607272e-01
-7.688244361424882711e-02
1.679576648477123513e-01
1.665872108900231796e-01
9.266290153868593782e-01
2.814576057856726377e-01
5.231842425571059385e-01
-1.312737048207323620e-01
5.322161257940292156e-01
-3.726985769805667842e-02
2.728932392113274721e-02
2.895796596524202182e-01
2.653721451494757688e-01
1.498160685093218036e-01
1.620228647227411056e-01
3.249258334564716910e-01
2.012739359859903321e-01
6.686858358000600244e-01
4.882326169859191878e-01
4.886785475168420323e-01
2.215861720829477577e-01
2.440956203658495305e-01
4.457762018655560543e-01
-1.500283563985124746e-01
-7.705244461390936550e-02
4.624891160537201729e-01
4.685210819271217186e-01
1.089113135701713642e+00
-2.411886785608489681e-01
4.349068408041005251e-01
1.399490775305810841e-01
1.092354980330580844e-01
-2.746175134419948649e-01
7.565599185619854561e-01
-3.170024825061598661e-02
-4.271210190966620579e-02
-5.021832052030367893e-02
1.478073462844978758e-01
1.659172629284278722e-01
3.320195585743948574e-02
-3.511415650356517482e-01
-3.154770205360549751e-01
8.959623847605260871e-02
-9.176414577586448906e-02
8.640606265805357289e-01
3.478002017584125305e-01
-2.063182369170951658e-01
3.719705954142592530e-01
-1.062726923400168499e-01
3.984584019057788029e-01
-6.170330604234058533e-03
3.306584500366382406e-01
1.319997423178217999e-01
2.916873830884761723e-02
-2.909221202996593592e-01
4.018834376068816105e-01
3.758887824912361952e-01
-3.103844656976435454e-02
6.594823491860842823e-01
6.458862648605305790e-01
3.917686151534565120e-01
2.160174886892010926e-01
1.866666825039143274e-01
1.300051507656803731e-02
1.931371864065303812e-01
1.152515027866973241e-01
-1.112892049347755236e-01
4.304098068121854359e-01
7.147761044083114634e-02
2.543323473302611104e-01
1.633550501435731828e-01
3.835198119840200343e-02
4.427978771092660332e-02
6.525410276897223305e-01
2.126469584575522431e-01
2.500798206448067718e-01
-3.669679692414343219e-01
-2.807271512430794536e-01
1.378554396506071617e-02
1.750899489764922434e-01
3.570771649681130921e-01
-3.818526525351061407e-01
2.123587258148049994e-01
2.489038118601271179e-02
-6.012745751874147560e-02
6.275794131054232561e-02
1.815798425389237858e-01
2.150689675865926631e-01
1.769121006398413354e-01
1.822887461056242053e-01
1.405356960625373797e-01
4.036097989947323716e-02
-3.709201756646902937e-02
1.740739320239051979e-01
-2.345001311215308692e-01
2.562750292449484379e-01
2.923016167447438640e-01
-2.169458855196735036e-01
-5.652274624109777240e-02
4.718915421390273979e-01
-3.129788068677395452e-01
-1.742588366757960028e-01
2.763604152287116658e-02
8.665002075563278672e-02
-1.641466757599425175e-01
2.126598974579110013e-01
1.058725436528308306e-01
2.388289020853067157e-01
1.380101575583905782e-01
-3.471478142388990246e-02
3.329416544541336509e-01
3.081371502538006180e-01
2.272398389779054229e-01
5.189975488367121192e-01
3.917932209623050666e-01
2.690586657340454102e-01
5.701735825323250156e-02
3.169389248525868452e-01
1.794217258508511437e-01
-1.898134606455992857e-01
-2.858599272977833117e-01
-5.417304719340144264e-02
2.234109068673947041e-01
-1.989804997279745469e-02
4.945559678421820177e-02
1.005458605654048765e-01
8.474760779632137808e-01
4.075835022803257421e-03
5.253847799408533081e-01
2.399884355216533871e-01
2.007403343010215890e-01
1.071170066494502027e-01
-9.726640451106678686e-02
2.279470544753567640e-01
3.063636135926665616e-01
-1.007271405287593347e-01
1.449104375574704895e-01
-4.067232268605222023e-01
9.520026584211631338e-02
2.321057714149392659e-01
3.040315449376101986e-02
5.316977885683797922e-01
2.730064952595456229e-01
-2.453478916445172783e-02
2.107740760641683697e-01
2.831903516383029173e-01
7.468346898042952375e-01
3.349192733621519924e-01
-2.658671578962945592e-01
6.569947704155006465e-03
7.366439756262281591e-02
5.677781051184920269e-01
-2.021473419281273609e-01
-8.730478600197925931e-02
6.326557991224616984e-02
-1.086428880894019511e-01
9.000582859863590079e-02
-2.119294734664971536e-01
8.036640594802750559e-02
-1.575304955680656774e-02
1.839264048321702927e-01
-4.808915031780836707e-02
2.536270322914610520e-01
2.363048748526356269e-01
6.642952486626105824e-01
4.965710806545463596e-01
-6.554051571991859060e-02
1.005263889087538720e-01
9.215816200585168043e-05
2.090318057965349918e-01
1.140071858882916178e-01
4.264686831811962398e-01
-5.314960388419683879e-01
5.582242921499308563e-01
3.283768818622286867e-01
-2.158208432325518511e-01
6.372813912075245280e-02
4.797355413891146725e-01
1.584823510040150873e-01
6.402176932829581335e-02
2.487318200165574422e-01
9.187721311915914013e-02
4.840368650935401029e-01
4.631133294330818106e-01
5.611093242284701660e-02
7.262651644871477297e-01
1.597964149046511018e-01
-2.641605082808571314e-01
1.513488973713038588e-01
5.223967300486620502e-02
3.702203223235110974e-01
-9.514340915630922768e-02
2.187731569661785502e-01
3.853982642662573399e-01
2.560437461028381989e-01
-9.905913939265235946e-02
-4.189446959672281645e-01
-3.216464268786174974e-01
4.174992129458735546e-01
1.688425214376374980e-02
1.954048594695309837e-01
-3.812889440956432896e-01
-8.153032864906954724e-02
2.581417136149796177e-01
-7.154167205976563748e-02
-6.825544687005428990e-02
-4.118238996417734055e-01
2.423566889222618648e-01
5.897815437110350001e-02
2.775467232984372146e-01
2.758200501401780191e-01
8.913305605821433830e-02
-2.255000998832919212e-01
1.122418395436842187e-01
1.056041750810520763e-01
1.244536810854290354e-01
2.285192836270040218e-01
1.306009277372946996e-02
-5.218308707679145675e-01
4.480888030214788542e-01
2.959483241473574999e-01
1.569700911066541360e-01
4.292335276835818614e-01
3.262986066126257606e-02
2.830047162281371098e-01
-2.840255697668083168e-01
1.379875681226029049e-01
2.505808899995879968e-01
3.091994334740033601e-01
2.807917793884966984e-01
-3.723548038409087158e-02
-3.528023858480742320e-02
2.920139156647948986e-01
1.394052530896306048e-02
-1.089404507732984612e-01
2.200964359304085349e-01
1.775697077335163521e-01
1.713371106657021747e-01
2.407047715794860543e-01
-1.961364184149751166e-01
5.546130491197402979e-01
-4.912449481951459279e-02
1.883565599583408301e-01
5.385596639140973751e-01
8.811079701728413704e-02
-3.520474374965182340e-01
1.066364887291004343e-01
5.152555101764261236e-01
1.529080605804173931e-01
2.403883723866829525e-01
-1.997777789429805440e-01
1.664730118477081577e-01
3.156933166788940953e-02
2.288697672763835844e-01
1.050238077801727149e-01
1.910488507624732435e-01
-3.202752538199670623e-02
7.131509464700018786e-01
6.684493534946227278e-02
6.317569409151591042e-02
1.478946362038329777e-02
-9.238521915842110022e-02
3.000507050270466158e-01
-1.386668272297740534e-01
9.514101598095070500e-02
1.022768472471637519e-01
-5.847483352488706820e-02
-5.524702352403536576e-01
6.613316812748817330e-01
4.270281508418242722e-01
1.115376433430650613e-02
-3.222080974119244656e-01
2.186588624380318979e-01
1.848206762983764517e-01
2.048171101454246690e-01
-3.499470228041005881e-02
2.019322263192419864e-01
1.989109773125188330e-01
2.870889778308302262e-02
2.892861713208708108e-01
4.635641419501916605e-02
-2.023740605752895674e-02
-5.565702309290466998e-02
2.102218383231529431e-01
1.013877829689099619e-01
-2.183255063792755857e-01
2.844168997071995775e-01
4.959378546180861491e-01
-1.704172670491062649e-02
3.147850808275818313e-01
1.846548345952623849e-01
7.033833372266014017e-01
1.099593981471539833e-01
1.399005075133172814e-02
1.410939693178199228e-01
1.015316394001233857e-01
1.935642319100676911e-01
4.374380238044946467e-01
-7.623023887872480697e-02
-2.263563522936843930e-01
-4.572145400973299384e-03
1.996141476671083048e-01
-9.738714857057453878e-02
2.877213839460920561e-02
1.991001897510276120e-01
3.895149061257833362e-02
-5.032589918600131190e-02
2.435683778620748585e-01
2.900851342303765179e-01
1.021552237982636252e-01
2.695395759918056133e-01
9.233698767650471151e-01
2.589510700531445497e-01
-1.515807060246124370e-03
6.717898487880539227e-01
-6.466769591744418733e-02
1.550412172366526058e-02
8.356079624155587915e-02
2.516176314153062248e-03
5.290864667978093516e-01
3.334213319402695719e-01
1.302865140929340519e-02
1.377048994087008149e-01
-1.762689413388255633e-01
-2.872266119507610460e-01
3.574301597315688861e-01
1.459953516295263432e-01
4.625847818418519775e-01
3.005126496987087226e-01
-1.449468791230013997e-03
5.638558766634030883e-01
1.853730504109863675e-01
-5.829665594836253018e-01
-2.174213884026005572e-01
4.306335432143096886e-01
4.244358795332168754e-01
-2.073815633144479031e-01
3.481512378436309452e-01
4.008873562490813391e-01
-6.090271157182065159e-02
-1.691601473581539339e-01
1.540595976079538187e-01
2.677863440490195132e-02
2.141842927742589331e-01
1.823719043968416442e-01
-6.988702731212714792e-02
5.172974336514792881e-01
-1.182400079321521968e-01
3.653700175669316041e-01
6.717645013609474178e-03
1.051065119311709595e-01
-3.642693451469793120e-02
1.387780279202735501e-01
3.094156634788493010e-01
8.402633561062766709e-01
-4.067705117302583551e-01
-1.435307130403886966e-01
4.233547371518192048e-01
-1.458535834895758124e-02
1.131128516626098285e-01
-7.287150723057576884e-02
1.470879069301113395e-01
-1.176375738813088996e-02
3.193907567450344764e-01
-7.322418083825683877e-02
1.420606555859100784e+00
-3.308120398193218487e-02
1.345644102551263876e-01
3.088452786060851170e-03
1.204044684915279495e+00
7.672407620782809023e-02
1.253517540087138449e-01
1.056894928561471769e-01
2.425900707099813425e-01
1.289261884771605859e-01
2.541124086628476220e-01
-7.742812836971357804e-02
8.916147484795518274e-02
-1.317732878048685219e-01
2.853417902295242725e-01
5.975347727531828135e-02
5.664553629501126730e-01
1.591609322988482844e-01
2.547956013080198145e-01
-4.635040399741875983e-01
-1.643423498783199918e-02
3.505440938992128701e-03
5.998109431167526068e-02
2.632655992515969268e-01
3.536612545206686831e-02
4.709553832927451666e-01
1.938525705935169874e-01
2.393098675557358279e-01
-3.652915308279952034e-01
-5.969944439090636434e-01
9.027939654786930335e-02
1.930479472368324123e-01
1.764007370278409537e-01
3.103388210667740177e-01
-2.051512167358588157e-01
4.761581302173115704e-01
2.460196698173943708e-01
2.248795001231756324e-02
2.371080965027481391e-01
2.264024309696731907e-01
1.930450334040489935e-01
-1.197058842817299087e-02
1.914139574582791048e-01
3.637873959945224500e-02
1.923408957573974343e-01
-2.783769401889756856e-01
2.903088955200357479e-01
