-1.571617839342275280e-01
4.210647961344125001e-01
8.962299434075098048e-02
7.752279724992686138e-02
1.112863702862196096e-02
5.368771092045887539e-01
9.835380288051656650e-02
6.073104079846678577e-02
5.976785438697817393e-02
5.403566512522269827e-01
-5.458477692826154554e-02
2.221551597089163610e-01
6.171201723294408165e-02
1.771521230649524270e-01
2.837643611591700310e-02
5.467555935155038460e-01
6.613260311442269168e-02
1.538336882666281047e-01
2.852983030555041322e-01
1.269187636447006162e-01
3.837143080619354746e-02
4.557013130277963175e-01
-9.540037470379990336e-02
-2.971164404283153232e-02
2.272334687559478539e-01
-1.115531840555787635e-01
-2.638619275105379830e-02
6.680751524848642375e-02
2.382251908582337929e-01
-8.723988644787093738e-02
2.077904871877050419e-01
-2.183498592098242763e-01
2.677849740754267849e-02
2.269944551356000151e-01
2.304533932342363867e-01
2.342023595184639373e-01
-4.983322752742712358e-02
-5.788412494228991484e-02
6.203654295889148296e-01
4.109289234484347908e-01
1.211547407895157968e-01
-2.308502098775777264e-02
3.218713160636102466e-01
2.439139477718595128e-01
4.783649494359411281e-02
3.652285216429797254e-02
-1.175640846176772419e-01
1.139806458593449617e-01
5.415093680468255899e-01
5.332004817372263394e-01
5.035809037774562347e-01
2.330137871539949557e-01
-6.777632622796274375e-02
-1.017291694293182835e-01
-3.444189088456510173e-01
-6.968037556751986994e-01
-3.032360425431543938e-01
5.120398736034091625e-02
5.690247539493280549e-01
-1.498021009110642454e-01
1.613564333943230400e-01
1.236665359615623655e-01
-5.849109897270498432e-02
2.978582434742746976e-01
-1.711261006765787684e-01
4.429129930071434851e-01
2.100987040434613984e-02
3.105147130883876283e-01
-1.422047093293441755e-01
7.448682110634919917e-01
1.705397419285992755e-01
2.463116617767511715e-02
5.904370950883554015e-01
2.392161108794031155e-01
6.758924094965697016e-01
-1.863942771296108469e-01
1.376248956297644599e-01
-1.841969542261887027e-02
3.151770697145125366e-01
3.427870819800312163e-01
-1.659650730463470281e-01
-2.576528881732343401e-01
2.399949305879271466e-01
1.685989160138335052e-01
2.128757668267733660e-01
7.004753335572611039e-02
3.380770327929347174e-01
6.485230839433806516e-01
1.147698519531084940e-02
5.943411390568733577e-01
-1.491600090596718331e-01
-4.710099132631179186e-02
8.839523616006724760e-01
-9.801853642798166732e-02
1.746448706188127309e-01
-2.861903697869251917e-01
2.618966347212721701e-01
5.452759463500985726e-01
3.379238831726390224e-02
9.673886174790087555e-02
-5.745429234701610391e-03
-3.986675593092245395e-02
2.998504859125437627e-01
5.839347067609416270e-02
2.811258060504934209e-01
-2.806864732895059458e-02
5.808755658712351222e-01
-7.758772542439232311e-02
3.059867806095409315e-01
3.504343324509681668e-01
1.091024063407238925e-01
4.601353685617654010e-01
3.728759107941799211e-01
3.175527926026756043e-01
-1.661168707976063696e-01
1.833497314080153318e-01
4.743145508925762921e-01
-2.083617237085534299e-02
-2.787936907642838968e-01
2.675074505672223601e-01
6.810862274736512179e-01
2.972229247230724347e-01
-1.232039992455663258e-01
-3.526846058586006194e-01
1.126915689947744353e-01
4.266272515119998859e-02
-1.911615449675438949e-01
-1.894670334278072410e-01
1.807627721484546535e-01
4.026003274866570836e-01
1.872978818681886037e-01
3.414637631437025811e-01
2.770970129572755680e-01
9.812285981515346256e-01
6.379651829135386532e-01
1.730768506297459819e-01
-1.636777384368189037e-01
-9.860572902517395627e-03
3.718332842713300557e-01
4.697687387461566000e-01
3.446423888096082355e-01
2.059070732306295462e-02
-7.955226459708637787e-02
-2.105063044377190606e-01
-2.137374856257366340e-01
2.260544311495140540e-02
-4.365529154523580257e-01
5.057850864060231544e-01
3.081513529232634552e-01
-5.685450275652636359e-02
-3.009816229428932330e-02
2.294049621975294273e-01
6.321679612272958215e-02
-4.217535480325559222e-02
6.017144098048515799e-01
1.248187084481127834e-01
3.277727964937242056e-01
2.093205756792579086e-01
3.895612147401356778e-02
1.857376990209246292e-01
5.414589202164269421e-01
1.087895695417691933e+00
-1.783881887662162324e-01
1.049970899268008392e-02
6.385609245035907267e-02
1.240545263376049701e-01
2.045783971756259534e-01
-1.117566977662897698e-01
1.606101812997514089e-01
-8.777014851638249848e-02
2.155178540714023927e-01
3.586530882299038270e-01
3.383253367287432090e-01
-1.970484159315811779e-01
1.384245142515511673e-01
1.047922500223626985e-01
3.769603160020240651e-02
5.047036114863651113e-01
9.592331623220197445e-02
1.157231827664167850e-01
2.517068996075876308e-01
1.215109409998877676e-01
3.543652634673529755e-01
6.275203414317610806e-02
6.616556521833986126e-01
-3.221783599351435434e-02
3.393460247581230882e-01
4.474874777356333683e-02
-1.877137166550028879e-01
2.147896280336378250e-01
3.406631054909995959e-01
1.351604645776422198e-01
1.245224818223647223e-01
2.028138017584372732e-01
1.324813715176797468e-01
2.693168627416455130e-01
-5.723929591833071956e-02
9.070985471280208767e-02
1.030501950510420844e-01
5.348185983739980193e-02
-8.095490295407603565e-02
6.853925313646530570e-02
3.544808055740785724e-01
1.706132890866537410e-01
2.009424459685325570e-01
-1.859177558317988699e-01
-2.712445525410527858e-01
-4.346006869270880452e-02
-1.093698996786761635e-01
2.924363271767410066e-01
-2.423262852958578961e-01
-1.199734540001288208e-01
-4.437564775402230710e-02
1.275255956922734246e-01
-2.855157480258514388e-02
4.949777521989799367e-01
2.153097291970290372e-01
3.677001377604612320e-01
-5.309276976509084284e-02
2.231421212190914383e-01
3.616439560527004993e-01
2.664096291413580730e-01
1.602198705461727324e-01
2.944520374263843165e-01
3.524350532368541317e-02
2.291007587638717868e-01
-8.505096795247407693e-02
3.349740889318310044e-01
-2.257997493139517198e-01
-2.018682246083493281e-01
-8.745195418341561444e-02
2.306352232470289809e-01
-1.718301905952526742e-01
-6.232860097411088707e-02
9.415897282534667345e-02
2.484941506759772434e-01
-2.944618557556236693e-01
2.706837344675703388e-02
-8.026774088884275349e-02
-9.150101831332105307e-02
1.176643591954967955e-01
1.976657280037657505e-01
-1.159077493664720064e-02
4.495219029775677361e-02
3.008567070205711656e-03
3.597927413701724197e-01
1.217413909124109295e-01
3.532499986616259302e-01
-6.214032266958953443e-02
-1.261514510311358139e-01
2.998378120862808527e-01
2.138765929440786806e-01
-1.122949046693178937e-01
2.583589873159540806e-01
-1.729911238251951311e-01
8.203748995686209466e-02
-5.099936092623192918e-01
6.552848562073548822e-01
-1.066201148014607053e-01
3.432968955702354608e-01
3.266802899236831981e-01
5.537164793030615595e-01
-1.115119756763268272e-01
2.541451023056568448e-01
2.567638663109798047e-01
2.022204502900300793e-01
-1.286690315767985947e-02
-1.965688109054396226e-01
4.294308301151716911e-01
-1.389845782412307551e-01
1.558274534620492646e-01
-5.567221407302089947e-02
2.907997600208445110e-01
5.228121998831899431e-01
2.865988468454827576e-01
1.049959634222330934e-01
4.203767647606079794e-01
-4.951840892518887677e-02
1.353935762196447623e-01
-7.356915607199575671e-03
7.811565125181337867e-03
4.598227611393894687e-01
7.332537718178625159e-03
2.643193407795951799e-01
-4.688676193069366178e-03
1.207445935653501251e-01
3.570770192922612107e-01
1.105030566605978842e-01
7.643988684202462913e-02
4.079476211660329477e-01
2.586598989052950048e-01
6.207088388145261260e-02
-6.737290972397931565e-02
1.776356792105525662e-01
4.789200095531898627e-01
8.899163224306870790e-01
-1.128080117473945071e-01
-1.453799129396861345e-01
1.444095905035704952e-01
1.122574244003827493e-01
2.477922950556624981e-01
5.020687875264117084e-01
-2.067438258255016939e-02
2.389380871626330116e-01
2.221875457727065239e-01
-1.045704176050318499e-02
-7.461524252573273688e-03
-9.517293307275856429e-02
-1.225965369150977813e-01
-1.654643521989198895e-01
4.892566499261934154e-02
1.935612411018985679e-01
-1.525091030622348354e-01
-3.442720482115985722e-05
5.842878390496099028e-01
-1.174432093321945703e-01
1.405061245609591225e-01
2.791728329643444195e-01
-5.680758010177752032e-02
-4.913191819501248198e-02
3.851702295914496976e-01
-1.751401724609445154e-01
4.168599879144197495e-01
-4.056491071531238141e-02
2.180079619240867239e-01
1.044812193132673706e-01
1.239707655602436190e-02
-1.593574503652288310e-01
-1.355595002496768620e-01
5.727286513603931928e-01
1.865437358830035752e-01
5.971547418074931723e-01
-9.756305399691226135e-03
2.414832303076469844e-01
-1.460514376654757918e-01
5.502885162068446023e-01
2.762100988134975066e-01
-1.254335466892805284e-01
1.833061030493298715e-01
-8.281854450227829623e-02
1.459667596730795935e-01
-2.105456941143574734e-01
3.984477742599910055e-01
5.754760014531015155e-01
-2.241672201767402894e-01
4.234958147405959994e-01
-2.146990526363792492e-02
4.088003854830459249e-01
2.467976990328450693e-01
3.268998919964611338e-01
3.352929309575386485e-01
1.315935711839897604e-01
2.867954117743387599e-01
7.545498810167110271e-02
4.449919804150409552e-03
3.824708304237363077e-01
3.369235307884949071e-01
-3.343813465805653973e-01
1.675332720660751562e-01
-1.926215993147383509e-01
8.369456098219703322e-02
5.599250353326568064e-01
2.996551752874616458e-03
5.202386529685290029e-01
-2.509028875832497799e-02
2.660057973391146691e-01
3.589329363238834003e-01
1.601717547006141149e-02
5.396225575333287588e-02
4.068600442655237459e-01
1.435744528918412866e-01
-1.769870589743892941e-01
-1.020052669764267839e-01
-4.166224400814034778e-01
4.606803738111343027e-01
4.264607393930244239e-01
-2.459473866241040571e-02
1.692548549589915352e-01
3.226693781249391768e-01
-1.861762405810885312e-01
4.179099573420139158e-01
-1.334711585671728880e-02
-2.765746414410356069e-01
-2.485989548593971546e-02
7.383151258672815409e-01
4.356172922584077706e-02
4.503034658053604589e-01
2.895432546444698940e-01
-2.248649048817018270e-01
1.434485484262565391e-01
-1.832127717836960490e-01
5.688713413999173518e-01
-8.626274841009827499e-02
-2.996955174189971371e-01
2.253853483044200856e-01
1.778785427158461052e-01
-5.866891850834952266e-02
2.371755114760173699e-01
7.475628274540999652e-01
-1.654882721538433743e-01
-1.927089608202391113e-01
1.935002765836020822e-01
6.575328692356062765e-01
1.193354636577733663e-01
3.358625900157612976e-01
-8.572036100133012537e-02
2.102165917919691651e-01
2.256370065017915261e-01
-3.081324617397659948e-02
8.664459165791363326e-02
3.536702553326598886e-01
1.133465654016228008e-01
-2.126512474366157590e-01
6.211213538937159634e-02
3.357501234730502215e-01
9.527939542422729502e-02
2.044749321528185060e-01
-4.981818374476058159e-02
3.068025610924127733e-01
2.136970107719394774e-01
-6.877956163631346320e-02
-1.220976476095769481e-01
-4.006350278836926654e-02
-1.731855233428215846e-01
3.270438255929001420e-02
6.561051744791011053e-01
4.210745893659712524e-01
2.376134582870314260e-01
9.090050503418956040e-02
6.877412410914654495e-02
2.351944569885804637e-01
-5.182170992319891090e-01
-2.478606523360826416e-02
2.461641874275478370e-01
4.848926509641869609e-02
5.855030448996373371e-02
5.140357193156666615e-02
5.471031838718517504e-01
5.540047976325689072e-02
3.429686415365421626e-01
4.906088574341103264e-02
4.524722913772606658e-02
1.286459160793294032e-01
-7.109580767544231017e-02
-4.127419963911889700e-01
1.163582711899330130e-01
2.643316825622382127e-01
7.586551660950178189e-01
4.377440753815848296e-01
9.776243537728132593e-02
4.623234838162875587e-02
9.724173024146856581e-02
2.462176895696347734e-01
1.017562732783268697e-01
2.694378744381393243e-01
-1.560902502504977474e-01
1.436818840625355143e-01
2.919878521283859052e-01
1.422575408011723941e-01
1.661187010531000596e-01
-1.882485740779374084e-01
1.301337732152115234e-01
5.026512721728135791e-01
7.559604912298203971e-02
2.335203963606601596e-01
-1.091514950253332783e-01
1.691164360221514562e-01
2.461147961344858914e-01
3.829340259671495938e-01
-1.207980731732748586e-01
4.488253011012207638e-01
2.887914613764560601e-01
-1.141370718607157692e-01
-8.452902334685843261e-03
4.132701035535112366e-01
7.455050195140415503e-02
-1.721459948410754837e-01
3.849789182723953873e-01
3.320882560678496409e-01
4.424133456407687570e-02
9.195237714127788356e-03
2.765257147663388593e-01
4.621894702043125025e-01
3.508213966520611904e-01
3.184177220480139958e-01
4.860846441521209926e-01
-4.220282778863838902e-02
3.736480970532499862e-02
3.792183893179215670e-01
6.396023734363392999e-01
2.912594639079057468e-01
6.079741963718554576e-02
1.205168875235486207e-02
-1.262022009005409062e-01
1.275600683281271908e-01
-2.580753814130385404e-01
1.099547602740959598e-02
3.973847466237838688e-01
3.345850618614557015e-01
-2.980650140599275244e-01
3.120169675902790818e-01
2.089621924469946823e-01
1.784360024290555236e-01
-3.231788538188790777e-02
2.038565999558338004e-01
2.481897153988063195e-02
-2.230085953005260246e-01
2.786517565781631428e-02
-3.945485038370379755e-02
8.752077474622064340e-03
7.679918793646398067e-02
5.192344912315278657e-03
1.301919086365158351e-01
6.668472422769873287e-01
-5.228034889207322511e-02
-7.035955597480081369e-02
3.342719519480738533e-01
3.545750644243046423e-01
1.648448924553998496e-01
3.628561119143637881e-01
9.043472112336500834e-02
1.495947606871642632e-01
4.523455025729982149e-01
4.637041337147752851e-02
2.393789144281043557e-01
-1.514573175928583537e-01
2.318320614388513778e-01
7.984417727421248834e-02
1.051156735254963892e-01
-5.974420163011304186e-02
-3.349351004005761689e-01
1.493914782021255605e-01
-1.318854227229711851e-01
2.803479494833173713e-01
6.569462839922110553e-02
4.011124968914657196e-01
7.423206455671894910e-02
4.165410018370027667e-01
1.611225070311373964e-01
3.836269935902046346e-01
2.450826978558714730e-01
-5.966131591316630595e-02
1.190472786962871871e-01
6.624230577265532993e-01
1.196706011354708304e-01
5.064889138783426614e-02
2.712812234997305505e-01
6.725753162712035937e-01
1.922944974859322753e-01
-1.074859597734901390e-02
3.585810505838150086e-01
1.872504005416598116e-01
4.255707925658509527e-01
1.737094232952908490e-01
-1.527345957777023755e-01
5.435842896716171907e-02
-1.859365205446285585e-01
1.453254039836576750e-01
-2.416484094204536803e-01
1.647324478844839069e-01
6.111707694683953251e-01
4.020736208493101427e-01
-1.176942104113922749e-01
-5.323206577253771776e-01
4.683022676323404521e-01
1.975538207997522833e-01
2.507398875094045132e-01
2.708505867351259644e-01
5.356889528549466650e-01
-4.308744749363199733e-01
9.047688388948757487e-02
1.649857272383947193e-01
2.287241605851568146e-02
-9.574898727770300710e-02
2.816486142068094778e-01
-5.779368239613310448e-02
-6.941697839896014688e-02
-1.509557837052048490e-01
5.525790097012912572e-01
-1.988887979772603620e-02
3.073846832703628906e-01
-6.141292764087815173e-03
1.222328315456223113e-01
3.652346503886181872e-01
6.262581830072294631e-02
-3.286022397730987143e-01
3.632874611206904358e-01
2.594826718431776369e-01
-1.235688139494097865e-01
-1.133040083711353008e-01
1.931325755525621635e-01
4.986681384342955131e-02
4.880869404303863068e-01
1.881015041138340005e-01
4.144066653060730077e-01
-1.050756755789582636e-01
3.655429319551875555e-01
1.700691405305539139e-01
2.317228129991332763e-01
2.293301786700740752e-01
1.738219485351428506e-01
2.809500188136428989e-01
4.068443948858823517e-02
3.680800022652327419e-01
3.483581867573536384e-01
4.781861976097643296e-01
3.441266751261393142e-01
3.390894374369540776e-01
6.119647667321990309e-02
1.397902051032235693e-01
2.916248547752528508e-01
-1.581179264190442635e-01
-1.626135745626634821e-01
4.429605267598514251e-01
3.176002418303853214e-01
8.082507579757378657e-01
-2.582800014189809978e-01
5.069583285602157208e-01
6.029745482467806922e-02
-1.426103666699426748e-03
-1.636937599184324077e-01
6.922463993902372437e-01
7.496529209932242810e-02
-1.295296236678022683e-01
-1.334222206493543839e-01
7.769476211188657000e-02
-3.504794630210215228e-02
-1.006316980581919013e-01
-3.042721987770722891e-01
-2.306131705797275222e-01
1.064390276506641808e-01
-1.046446819647812443e-01
2.741481569468198765e-01
3.119083416841864631e-01
-1.460722487651950341e-01
5.260439453036554885e-02
-1.315285365907693516e-01
3.836731886933634206e-01
2.894937155805454299e-01
4.028170938130291590e-01
3.004205033684804738e-01
7.998407782505220776e-02
-3.778175044432333651e-01
4.465791073154755653e-01
2.177236946683686891e-01
-2.700734451450290466e-02
4.238146557939569403e-01
4.149904786107925236e-01
4.013497995213019531e-01
1.004457683406828894e-01
2.027913678615532178e-01
1.093816380149357503e-01
1.352559379861411060e-01
6.230094233124496700e-02
-1.557877882208707210e-01
4.938845144578931645e-01
6.961835372742544714e-02
2.706299391472175020e-01
2.268643384269787566e-02
1.386131541152093860e-01
2.767544780429852525e-01
4.780871156413817880e-01
4.107311650618121757e-01
2.191010930276904856e-01
-2.165173828023413682e-01
-2.726197671648351029e-01
-1.576956028238502006e-01
1.598856640683144481e-01
4.806824841624565692e-01
-3.247082463044270728e-01
3.369710554318506301e-01
-5.899286438663186400e-04
-7.601929403686435993e-02
1.943291130386579357e-01
3.064479670414202994e-01
2.670010805895589034e-01
2.595282014496983480e-01
1.510522251961543549e-01
2.615307062337354771e-01
-3.158269780893060430e-01
-9.785405966274196565e-03
4.681908970308895634e-02
-1.339476613623863943e-01
2.347547801181016358e-01
1.186637035676607749e-01
-3.263218069862228732e-01
3.811304921854536537e-02
4.046047645114763114e-01
-4.372586854558479508e-01
-1.364656243414616166e-01
8.901591234891076398e-02
2.391778379323087622e-01
-1.220947802896220208e-01
4.947188772199820339e-02
2.454485484049095251e-02
2.878220910834403679e-01
1.348186242453026373e-01
1.027029621578516849e-01
3.059902516422710606e-01
3.521044353261824633e-01
3.148835408823785764e-02
4.010892763623775670e-01
4.135877591796411346e-01
1.537356185799825525e-01
3.891669718924188892e-01
2.057374180596653612e-01
2.266761489928838524e-01
-9.023090303513386923e-02
-3.773026401292554066e-01
1.159158051422830155e-01
1.880933130648385909e-01
7.843231697235129862e-02
1.316059717163839959e-01
1.705125950650123734e-01
6.289711655545487945e-01
2.549025142488171025e-01
4.524825772120760203e-01
2.648127617356556551e-01
3.273378021453802328e-02
1.310157735026989123e-01
-2.695346638167298581e-01
3.128893026261893584e-01
5.456348836244614420e-01
-1.286078077536942088e-01
1.315233883466125631e-01
-3.375815427816813430e-01
1.006399454363561680e-01
2.521649397727391273e-01
4.156339650501530286e-02
6.216525587581126500e-01
3.226078306594121203e-01
-4.402948220274861824e-02
8.169344045516417629e-02
2.792507770847851845e-01
5.647503933098280138e-01
3.701343742365350575e-01
-9.983746446515302797e-02
3.500400911202513482e-02
2.260494499509424771e-01
3.965578623835763206e-01
-3.438801009487198468e-01
-6.725523708112583765e-02
1.613404357403264849e-02
-9.413630033653615226e-02
-1.238329665585447131e-01
-1.808244777402528425e-01
2.338795895520536915e-03
6.357037504376267245e-02
2.327536996311345141e-01
-1.753402676047741138e-02
3.403638398704445511e-01
3.146292293061357381e-01
2.730996211489865599e-01
2.354928964209437592e-01
-1.283229629550217132e-01
7.068947061814136179e-02
-4.338497538732761366e-02
7.422995743736084812e-03
-8.160445795524572110e-02
2.268122096457343972e-01
-2.313111140548816391e-01
6.035178145498467650e-01
2.316323226633257848e-01
-2.042921360505940698e-01
-3.614129871169041719e-02
4.182098590207894429e-01
1.071356927968207876e-02
8.720620097455553110e-02
4.501891007996073890e-01
1.079212383450884050e-01
5.662073462985364181e-01
5.022644243305520728e-01
1.275166522290910875e-01
6.233796028773167519e-01
5.731511896473873852e-02
-2.271644445088382980e-01
1.365135842942676869e-01
1.287356154828261101e-01
2.744371965815887160e-01
1.219047707305777883e-01
3.812717859550547317e-01
2.411060850425963131e-01
8.310945616344941889e-02
2.527735098061355615e-02
-3.057660693922846229e-01
-2.764651310243395055e-01
5.258532589400793933e-01
-3.353136001269642341e-02
1.668928029073779296e-01
-5.657821641041828505e-04
-7.163094907809014478e-02
3.669196698845467730e-01
-1.173318209157930003e-01
-1.783238350340071443e-01
-3.442339360428716133e-01
3.081116693032898146e-01
7.483879869933865447e-02
2.635252900687306554e-01
5.989184229330933584e-02
1.267149148316646101e-01
-2.718699387840949888e-01
1.749622839994865453e-01
1.003561110660315114e-01
4.572131685708185067e-01
1.020406693640621976e-01
8.560540484450429588e-02
-1.478962195414333936e-01
2.859609322357122285e-01
3.908709462982420391e-01
2.405779054672907424e-02
1.563787490776551159e-01
4.258776017438319073e-02
2.036731834754757497e-01
-1.105548542368565562e-01
3.407542964110142902e-01
2.074487206753165280e-01
1.208995060676312655e-01
2.495639623218700864e-01
9.132946574615742608e-02
3.827971365708786322e-02
2.511067339624782901e-01
1.821149969782822065e-01
-7.711256077529493602e-02
-8.939388935701177152e-02
1.604182228432729784e-01
1.770816351746790085e-01
3.048160320805564094e-01
-4.562485031740523556e-02
7.946468804465078861e-01
-2.617281396202072313e-02
2.115306205725921707e-01
4.284378227656878702e-01
3.511927339036000073e-01
-1.487020963859423395e-01
1.211129866146565259e-01
5.352619188063592048e-01
8.516683405453731592e-02
2.259709929892337044e-01
-1.075655982792163567e-01
1.924049577351726048e-01
7.118807642938786151e-02
2.723018021166559999e-01
-1.071834814992917717e-01
2.617320318526711320e-01
3.656901569590729761e-01
5.097346400746362027e-01
-3.742120527521908269e-02
-2.270876624599449389e-02
4.109399940927754846e-02
1.297341924603593044e-01
2.783801175361465541e-01
-1.069544114921726768e-01
7.184520275791191068e-02
-1.474054868894738744e-03
-2.687996594892377300e-01
-3.412663969117236684e-01
4.989870720946388283e-01
4.339190044550316205e-01
3.016175646515050282e-02
-4.712061534482972491e-01
3.329733112231494929e-01
1.665772960290686500e-01
2.757022539949520734e-01
1.050700488586654296e-01
3.496388947289187921e-01
5.707256742025567514e-02
-1.809999045281351082e-01
1.953747373195267589e-01
1.041880864248426325e-01
2.606355424394235509e-02
-1.985847579375825955e-01
2.554291039284652121e-02
-8.825870872808541656e-02
-1.106372252817117291e-01
3.548872218736840445e-01
2.735426357496389405e-01
-8.559580048376129457e-02
6.032124366485035194e-02
1.067130597755264060e-01
5.195574029295860763e-01
1.697278576615327272e-01
2.435624758216576452e-02
5.154487627732046162e-02
-2.214118902800665811e-02
4.789133631678973990e-02
1.928650456947322289e-01
-2.001088706808806794e-01
5.893008662391185926e-02
-3.318619117317057627e-03
2.288747098171688699e-01
-6.738908431849105485e-02
1.911249122399570274e-02
1.118547235634639730e-01
-2.571333247924214010e-03
-6.791944420562603946e-02
1.719694963476684213e-01
2.869903123366318587e-01
-5.175440672328696090e-02
2.419253125931475901e-01
4.796687641651840583e-01
1.951173664457988011e-01
-4.286030121166961582e-02
6.187376053245529084e-01
5.776264137329951975e-02
3.463815130722958102e-01
2.843267438822056903e-01
3.725265438367771076e-02
5.594202463158441940e-01
3.471247878491861005e-01
3.950805866611611233e-02
1.937754848075220193e-01
-5.789003417160601406e-02
-3.822245374113087957e-01
1.599581790184279317e-01
1.503918081955834818e-01
5.460488419371762880e-01
-3.396211250324922964e-02
3.953437577862602137e-02
4.125144419867567414e-01
3.604256383110880924e-01
-4.254658537927497042e-01
-1.306933760884746998e-01
3.246498154535452096e-01
3.641138738625321891e-01
-1.545990523686317786e-01
2.064786023623476074e-01
4.366965699582509575e-01
3.310513593284412220e-02
-2.265348270784552087e-01
1.157483655159343983e-01
-1.483000714973961298e-01
1.001692315085918328e-01
-1.614032544956950713e-02
5.616201762044686213e-02
6.546519857942737497e-01
-6.059823960728746850e-02
3.594350932673011090e-01
-3.782244158249481458e-02
2.655049366153020562e-01
-8.620895029979677715e-02
7.505026800341334237e-02
3.343713984466080702e-01
5.236874954306725005e-01
-2.665553394982638769e-01
-2.103154038464036257e-01
2.512005872527256489e-01
4.888111404103526181e-02
1.169195778866301966e-01
-2.000843818227545368e-01
3.261115192134820401e-02
-2.055699310969900245e-02
2.917058250347873694e-01
-2.362262735358888477e-01
1.139112926580891028e+00
-1.345022475360589317e-02
9.208564424442453045e-02
7.450466985277491572e-02
1.018180499918152071e+00
2.178792766066378270e-02
8.558023047247029225e-02
3.002671758210341268e-01
2.247237459702779161e-01
5.796311757599793141e-02
2.620718153290820251e-01
-1.246489040583213664e-01
1.441730018536928615e-01
-1.682679802203290442e-01
2.927407524796238336e-01
2.866151152019250775e-02
7.857936742359219462e-01
1.283482478061619692e-01
3.397954938735746055e-01
-2.212285847550249096e-01
1.155157401390991129e-01
-8.303367547221475464e-02
1.033172845103367266e-01
4.409550502123494864e-01
8.845963472284977536e-02
5.376361018404119951e-01
7.239521598068519859e-02
2.771947423855517512e-01
-2.072136584919131996e-01
-6.143933914053081313e-01
4.457604317918646003e-02
1.681660910241376816e-01
1.184669054935770238e-01
2.293079547290684805e-01
-2.642410305865756648e-01
2.838613253045286777e-01
2.891958165494804556e-01
-1.420781058234402427e-01
4.671781200388549493e-01
2.160991292497520255e-01
3.351344841216008508e-01
-1.418122182907194384e-01
1.538030498132845481e-01
4.364392748253403953e-02
1.793909187168742647e-01
-3.941368984132844755e-01
3.152352919421115285e-01
