1.529040429997879924e-01
2.861537599598156789e-01
-1.278684508991711211e-01
8.380452262046793332e-02
1.996696824436175743e-01
2.498090350885985855e-01
1.700892593005165834e-02
1.332086133656018856e-01
-1.242621976428376906e-01
2.605668787337514503e-01
-4.622287627817989186e-02
2.870693860635585293e-01
-4.127985401537950794e-02
1.889984977377110464e-01
1.010744316508231100e-01
3.057145612930374790e-01
2.770488171678275532e-02
2.833360764451579583e-01
1.385110580918032241e-01
1.320268823815476666e-01
-3.533411582837681780e-02
4.018821344950363472e-01
1.047329965477080821e-01
1.195233896203306140e-01
1.456953373987546208e-02
1.596009241501243903e-01
2.710979557089512534e-02
5.259315176318501983e-01
2.415747336742045392e-01
-8.253652847879945631e-02
2.931611443881596002e-01
2.717793180265131170e-01
5.507108775733142447e-02
1.837636627339336859e-01
1.073167521140755143e-01
1.410038403020404396e-01
-8.713166498865360099e-03
1.575432657527961813e-02
3.118129595235185070e-01
2.500354208162628988e-01
2.740947806783312068e-01
3.792758397280341504e-02
7.290899244767364007e-02
3.545315262363104014e-01
7.896220834513498210e-02
2.216437298499663033e-01
-1.187214108807898572e-01
-1.086670648772359998e-01
3.857545153038934305e-01
4.479397535695359700e-01
2.953507982886781069e-01
7.256634906012263131e-02
2.288879253102471013e-03
-7.421283945202519772e-02
-3.361181963068509554e-02
-9.902604333088312061e-02
1.555891523873822735e-01
3.477445458042917048e-01
4.542773491631053595e-01
1.710742876988180783e-01
2.762506535580021017e-01
3.222431775308957635e-01
-3.757391681974833753e-02
3.485451682919140093e-01
-1.294997474840459128e-01
-1.963132212935516166e-02
1.669484448401436019e-02
2.337761868695300560e-01
-2.420583183001070449e-01
2.813235565270563177e-01
1.079713648420106559e-01
-1.104154436244715043e-01
3.016209813151842223e-01
1.191595336165052060e-01
3.473237914159355011e-01
-1.021531857637423546e-01
1.526205833041273108e-01
7.586276246313976290e-02
1.213890056968291997e-01
1.904487239665333120e-01
-9.286155581390857783e-02
-1.648648127267629826e-01
9.895860491310042029e-02
3.707047828678055601e-01
1.439342955230089316e-01
2.773509904821944150e-01
3.250587831589150101e-01
4.804122345152053719e-01
5.570565750875334544e-03
3.334697515425503744e-01
1.369304023588613639e-01
-2.450610476466766677e-02
3.847160626638098657e-01
-8.801701653140946158e-02
5.249965189661616183e-01
-2.785101526080149270e-01
3.552095315991711244e-01
4.282427707803504457e-01
1.097293983322965016e-01
1.711528283433519926e-01
-1.991649536313508037e-02
-1.637554474480212505e-02
-2.864623251708982576e-01
-1.808109609391485573e-01
3.407549554594681007e-01
1.150393450272779033e-01
5.117349386256009325e-01
1.539348300093924815e-01
1.905408690958112355e-02
1.188209895658992599e-01
2.366778069519308025e-01
3.429404968359768269e-01
3.812391501124103299e-01
1.492760434690717231e-01
1.425298035070260705e-01
6.255092438523626730e-02
4.103440490454645095e-01
-6.545822811781366879e-02
-1.246592182774533542e-01
1.105945389007072233e-01
5.950212764618131311e-01
3.972636717957490626e-01
4.892773450097869237e-01
-5.344766802716899301e-02
1.857877062465346923e-02
6.478314959110761939e-02
-7.342703059810143373e-02
-7.329107121007076842e-01
3.853617032585271440e-01
1.278017761812668129e-01
7.045907490338620960e-02
2.324124541822398526e-01
1.420377251142453390e-01
5.855340880011929983e-01
8.360313640987450112e-01
2.549793919197552161e-01
-3.361695253545773365e-01
9.707045632527677714e-02
2.940006245145995734e-01
1.026719665120027908e-01
2.512222609366146497e-01
-8.429712176915341026e-02
5.722318638966041038e-02
6.527694360292815579e-02
1.831795933415235056e-01
-7.018809446243882109e-03
-1.332882955042605511e-01
1.466586808176340295e-01
3.857588413746482758e-01
4.483971860622154582e-01
-3.197103265065616429e-02
-2.521017948899684918e-02
8.475359580906427492e-02
3.429228380168231061e-02
2.238367525449382334e-01
1.994241057004102202e-02
8.626730578446754893e-02
9.844021305973413294e-02
-6.463409443540148180e-02
2.186311456724501223e-01
2.859225248945516662e-01
6.143179440361488108e-01
1.112573257154902406e-01
9.153852981628479712e-02
7.366921515829978617e-02
1.412391247982380249e-01
1.131553553515950578e-01
1.250048140003316433e-01
-1.066070305700757628e-02
1.223597478239754482e-01
4.253568611193880161e-02
1.288091926636756035e-01
2.181013276322453509e-01
-1.903003431771621290e-01
1.438537080545127245e-01
-7.840249350605495160e-02
1.028773293577819603e-01
3.371139979415170296e-01
1.832180950172785094e-01
4.948911045194914760e-02
6.027249146906276112e-01
1.797193841767453504e-01
1.546515608354114557e-01
3.798504588968263929e-01
5.482663226566868442e-01
1.212065390761563749e-01
4.435865792374482641e-01
-1.565355607629325407e-01
-1.549939703286046799e-01
-5.863396467095655790e-02
8.215084419695621587e-02
2.528210141718210680e-01
3.776842915861635536e-02
1.309671019517394674e-01
1.872609457597925950e-02
2.538277221766365166e-01
4.847856405756000020e-02
1.344478842050540468e-01
-9.826796693337763733e-02
-1.843325685527753832e-02
-8.237063320303011915e-02
2.993949268567992067e-02
2.916034175953048924e-01
1.472217518112437229e-01
2.337611358202632827e-01
-6.539380243041484353e-02
-5.404324438134931741e-02
2.681407826261794081e-01
-2.023644260813328155e-01
2.732320326261383769e-01
-1.531610925634103726e-01
-1.732283769472728677e-02
-6.738940701738366755e-03
1.036707165206252751e-01
1.393316560119001735e-01
6.434264602218066065e-01
1.493597395006361073e-01
2.217109806771044023e-01
-1.809983384732253564e-01
3.368822362167103734e-01
3.960838464887466714e-01
4.712645680437021478e-01
3.470113086298672878e-01
-2.921941870858176318e-02
5.692445222720491499e-02
-3.067724064783892146e-01
1.622705186943449729e-01
-5.477494240088946753e-02
-1.852748678949124317e-01
-1.623866302735604006e-01
-1.300869788659051451e-01
1.879681192222988628e-01
-8.984874974678400128e-02
-4.025625191848785506e-02
1.188160421001846212e-01
-4.143892787412976897e-02
-2.673894599710174846e-01
-1.197032616090247664e-01
1.742698668900525272e-01
2.625862348995403051e-01
1.196283046620251200e-01
7.327811811282869923e-03
-7.039230079220158698e-02
9.086479797137091141e-02
1.426240220240852508e-01
2.446852932047654250e-01
3.647886344295110939e-01
1.932124552492977820e-01
-2.540607727644033642e-01
1.081754655399369547e-01
2.154245582417403937e-01
5.359730112372012439e-02
-2.339840238625177232e-02
1.572373923435194387e-01
-1.884766794533188350e-01
1.087214827365908382e-01
-5.534780356104379573e-01
3.255706474356127589e-01
-3.945068524215772365e-02
2.799915602114479984e-01
1.140091929975137891e-01
1.627266577081159793e-01
1.012480495619073745e-01
7.800103340697404908e-02
4.738826048194814677e-01
1.570252795976768700e-01
8.832273963924176796e-02
-1.258225089008777227e-02
4.139717520815399676e-01
6.309919224897039824e-02
1.484015044472849869e-02
-4.420968982579221440e-01
2.792198069458425302e-01
5.145666391927236072e-01
3.858759939633892300e-01
4.897752169415995477e-02
2.208992050637267890e-01
6.043186059446926245e-02
4.171081210885347890e-01
-2.011904983909863429e-02
2.259577401755570591e-01
5.865039261087122702e-01
1.488687886530704885e-01
2.570190858331060091e-01
1.977929394471709679e-01
-7.824323910220837286e-02
2.625447942901407150e-01
1.191512889916493678e-01
4.646326629036683364e-01
3.421991149448679881e-01
1.575734200972598587e-01
1.222981837059473886e-01
-6.541426114287342275e-02
3.548782364448470616e-01
3.518641307994098133e-01
5.415748670523307107e-01
-1.282186329798976898e-01
-3.397098418829092720e-02
1.669337465217166361e-01
1.326616463959739145e-01
4.775846615066980244e-02
2.818127519969921280e-01
-2.955166546943656727e-02
2.546907192498386041e-01
9.680619395661134441e-02
5.864246513643052439e-02
3.515227049069483828e-02
-6.755625866364993459e-02
-6.104763398137594277e-02
-1.039811106325875811e-01
-5.330684650161562205e-02
1.363115825444289816e-02
-1.184676912599842008e-02
-2.797974232680614654e-02
6.648642535366539041e-01
1.017572934187165462e-01
2.097551980553950257e-01
1.783881505795245626e-01
-1.299721386741219120e-01
-5.690737382683046935e-02
3.268167384334680903e-01
3.360354781205367874e-02
1.982336529347064336e-01
1.288098382435057532e-01
3.007894435131100441e-01
2.979463725581154784e-02
2.044046627242511738e-01
7.562338820753670976e-02
5.259080522682926112e-02
3.242539608571755050e-01
-1.198687865620728793e-01
4.078353587774170563e-01
4.712768281126748088e-02
1.217319427849553916e-02
1.185330882510843842e-01
2.103977359792014168e-01
1.244865496038743830e-01
3.750462669063703985e-02
4.516205365645360043e-02
2.288119627827573874e-02
2.995813418106781367e-01
-4.457820859648416872e-02
2.904772635419829441e-01
5.764776022694563240e-01
-2.679756053957538797e-01
5.011837723009403556e-01
-2.206387751353679899e-02
4.528216380568069188e-01
2.573104831399291026e-01
3.564864902783803635e-01
3.471779407127933981e-01
2.499203682842386087e-01
-5.562390066571588215e-02
2.920850606931461590e-01
2.462569767269575868e-02
3.268448980874127940e-01
2.687841816147212848e-01
-2.382635265248277123e-01
8.429218042795007595e-03
9.054642330539824924e-02
7.005740327366505316e-02
3.247776538618681319e-01
6.318018010299009113e-02
4.399507265942250167e-01
-8.971794082968092415e-03
2.104725704258504360e-01
-2.393798060494424854e-02
8.540020956271146546e-02
1.653977926466094206e-01
3.647710543352573054e-01
4.521021017185018059e-02
-1.512853262707762325e-01
-6.268454625438907302e-02
-3.778272963111713456e-01
2.306473333067010079e-01
3.477315976614342996e-01
1.668398687531590097e-01
1.273091516961415981e-01
2.168192158208701592e-01
-2.573367098313501522e-01
2.780182074383931168e-01
-1.665722192232411622e-02
1.685058128230439434e-01
1.959007330552610393e-01
1.901151664357456361e-01
-2.139701688728534203e-03
3.820862294016766914e-01
-2.750155681513052341e-01
1.643489891630559377e-02
5.867350815347985998e-02
1.514639157805049707e-01
4.145946920357485022e-01
1.660378180260145553e-01
-2.566737556386645136e-01
-7.247738326157468491e-02
1.491742080062744003e-01
4.651195527750017628e-02
1.652682292349063886e-01
3.622165280902668316e-01
2.917064130380863096e-01
-2.345060220740713131e-01
1.897189280721964244e-01
3.972593156097645739e-01
1.577118687008752518e-01
2.115459577350971843e-01
1.561209867070669118e-02
7.017438831489716811e-02
1.807047596920999533e-01
-1.037574302259218206e-01
-2.789727169604810375e-01
4.474791205862738153e-01
3.692141294094871684e-01
1.473155054946602982e-01
1.475747452588033748e-01
8.769057348559265719e-02
8.007867387651242119e-02
2.043673373104149815e-01
1.378392059175555240e-01
2.857756706751255482e-01
5.172114719090273316e-02
2.607295475381285477e-02
4.679166731446634392e-02
4.395367486408364305e-02
-1.413351309257899480e-01
-2.118700477897145773e-01
4.690325281103972510e-01
1.002538139138056811e-01
1.862971671433807236e-02
3.699567108330086007e-02
2.220699498719071741e-01
-8.955385114468764063e-02
-2.435401584406283459e-01
2.029045206554126179e-01
4.079386037628944181e-03
7.418397315699279404e-02
4.924563034515601068e-01
1.368954361139533560e-01
2.667830238783370222e-01
9.452553682095667098e-02
5.400129896481656866e-01
-3.407898665469590027e-02
-1.750427756934309076e-01
8.513559959553146372e-02
-2.339110224123854831e-01
-2.331418246072222977e-01
2.413529938853005985e-01
1.605555622010936545e-01
6.459133069699966034e-01
3.225067963679792982e-01
3.027171493169685812e-01
5.668434777289835247e-02
9.098819511647632252e-02
4.959839618673284045e-01
1.535758640851695722e-01
3.819588877749159339e-01
-4.811509984154331218e-03
5.252152175000108780e-01
2.980031119981768062e-01
-3.434337228785484114e-02
1.408994684692832233e-01
-9.494956821004427172e-02
1.681388380678043859e-01
2.704634483822034308e-01
-6.724085749167116668e-03
2.624608623228469884e-01
8.993026822805345877e-02
1.118253777378652170e-01
3.050861935870485819e-02
3.562526274095355605e-01
1.241554132210894446e-01
2.462994184668410302e-01
5.078184298340981950e-01
4.448452270229458216e-02
-4.292327970820383753e-02
2.631365059445313070e-01
1.248127709052679057e-01
-1.373485972198799643e-01
3.254913156318851031e-01
3.256037797071114070e-01
-1.436884853730011347e-01
8.322287889965181151e-02
-1.633591472820384444e-02
2.154209268893926832e-01
1.446924307809767662e-01
3.362365282414996881e-01
1.525825945124320571e-01
-2.176799510508185820e-02
2.177139447842660613e-01
2.415298210720527861e-01
3.773629511033144146e-01
1.218378210874858786e-01
-4.209067384866773537e-02
1.292420850673064135e-02
-2.324542111506466488e-02
2.688215746806077444e-02
-3.966098927733475166e-01
-2.169087289854592926e-01
3.438529565233300889e-01
2.416516230086528938e-01
-4.856224832747076392e-01
4.583560075155796998e-01
-1.593977682580878796e-01
9.049361127635523194e-02
1.324927030404484396e-01
5.041746997024578736e-01
3.118452383736317751e-02
5.450240269768026335e-01
1.318016994811337383e-01
-1.754626369218990345e-01
5.235641581811289330e-02
6.532032488667849357e-02
-1.161506529204689719e-01
1.068078788786151062e-01
5.669607542681389667e-01
-1.873683821727502308e-02
4.212011019385012572e-02
3.676684862450377289e-01
1.721774639935173545e-01
7.072460762355556319e-02
5.992771916785989417e-01
8.254998558553511279e-02
2.469422100328951819e-01
2.583010399906713328e-01
-8.927096024867280100e-02
1.319925224297715805e-01
1.329446915228614801e-01
1.492155118980526551e-01
-4.860992518659905393e-02
2.619228120038060575e-02
5.377683711543859019e-02
-1.024798514360888424e-01
1.899066260170136772e-02
1.433191005635757465e-01
2.182237024772851197e-01
5.917321257537273838e-02
3.989067059785363911e-01
1.320177973811940964e-01
5.220938480264902815e-01
2.081252126371563038e-01
3.247654647327582328e-02
-8.000404547980162484e-02
-9.272910699884984176e-02
1.342946359809159551e-01
3.877978594356560893e-01
3.337892859109641841e-01
5.636134873887783253e-02
1.897280039286866893e-01
4.239504051332412260e-01
3.692969821614132397e-02
2.004020491558417688e-02
1.892758532375634906e-01
9.433037078403683218e-02
1.571850206818792839e-01
-2.304828456495771130e-02
-5.943611854364646424e-02
3.098518244919701986e-02
1.951288366031123447e-02
4.067948104198821357e-01
-1.773444897703972123e-01
9.931375797996405685e-02
3.733249540633562513e-01
2.777221180007062862e-01
1.083308982439528528e-01
-7.509887749675157875e-02
4.150428103841580230e-01
1.155101894611823554e-01
2.972979749411460704e-01
2.474250543125542656e-01
4.257633071488430843e-01
7.008622099665120717e-03
3.030135945221297811e-01
3.312173242619215197e-02
3.249001533109349693e-02
2.757169280561170936e-03
2.015925364415654952e-01
1.526930123237002154e-02
2.833479343415700735e-01
-1.727523055877982217e-01
5.087826077980739381e-01
-3.122855956579609002e-02
1.711822379027446578e-03
-5.056715483259579744e-03
1.761571922270766324e-02
2.485252257117545882e-01
2.616971251639429452e-01
1.992206833939948463e-01
3.193057871155637883e-01
2.477426584823288203e-01
-2.573101071722145444e-02
2.074398931723421893e-02
1.895257184613388934e-01
1.260423603634334422e-01
5.303876063730196266e-01
1.818545110471383452e-01
3.612691733359119084e-01
-1.077276291333144898e-01
2.782306443160894593e-01
1.680557619262862679e-01
1.987541215355339008e-01
2.227365027759040939e-01
2.424411432084007112e-01
1.164932821508960076e-01
9.978878245822658810e-02
2.741342312083531740e-01
1.188018582197681861e-01
4.933195169041827977e-01
2.138098470444023125e-01
2.954843220347269650e-01
2.393557692748546628e-01
2.149832360475700810e-01
2.523164110625250589e-01
-1.483628966508598358e-02
-1.049992357438685880e-01
2.249210131726898931e-01
1.622542582721416271e-01
6.099190201086573948e-01
3.263101787979395124e-02
5.229649234617618214e-01
-1.702376881533678443e-01
-3.590185727629561716e-03
-3.024797057861948191e-01
5.794654448633922428e-01
-1.529003696605021889e-01
2.641352267719722091e-01
-6.677801228099050634e-03
2.203200198749137861e-01
2.426134697947061603e-01
2.349666597505889812e-02
-2.971243823482639379e-01
-5.233435131444554717e-02
1.676887625699522710e-01
6.103436303845494876e-02
4.669536142418923563e-01
2.465137605808518928e-01
1.136710386847565452e-01
2.689159726536676231e-01
1.288798509188296935e-02
2.877845785995969963e-01
2.024746263912104161e-01
2.206912348048742090e-01
6.254117178593284268e-03
3.072519327062422576e-02
-8.816081078898195533e-02
4.333656631379800284e-01
2.762305864821377743e-01
9.707305060410152675e-02
4.182777615822197981e-01
2.938879564693051005e-01
1.930218353229315453e-01
1.094355319736994292e-01
8.689526230509748983e-02
2.346520534000677838e-01
3.382354846568090267e-01
1.111850127649149783e-01
-3.435415435009156471e-01
1.247176750049713012e-01
2.187970630482584736e-02
2.965740222633163614e-01
-1.934711820530142234e-01
1.041690937346111123e-02
-1.871672861918913591e-02
3.665340434679669190e-01
1.055196338996270966e-01
1.643180931004563083e-01
3.550278632238258736e-02
9.490720192964657853e-02
-1.207060597374978589e-01
1.492970327810940190e-01
4.176416962333581173e-01
-2.946041892250689798e-01
2.218587410600758036e-01
-9.824995492519751628e-02
-1.012729053986488603e-02
9.568468970978577515e-02
7.447412989396060001e-02
1.326242596845417787e-01
9.004291852632342885e-02
4.706833345606137864e-01
4.047085814582992436e-01
2.235126250656591651e-01
9.705868639649838092e-02
3.869037527666350784e-01
9.922414968649298506e-02
3.390187104767775628e-01
8.042999307774147955e-01
-2.484797504610884722e-01
2.991416282701582496e-02
1.237887711731143203e-01
-1.768365983639311537e-02
-2.649501703139713893e-01
2.175460401486236164e-02
8.095593333620589860e-01
2.954322142853088029e-01
2.753634610609359545e-01
-1.302034266945274188e-01
2.524107775555662053e-03
1.983341950232778983e-01
-1.402470524808106279e-02
1.311699063975453050e-01
2.250450687299744845e-01
1.979049236463127359e-01
7.682620837994116880e-02
1.866840370494439738e-01
-3.130563005381183095e-02
1.365243291778568679e-01
3.522591033567832874e-01
2.173077319899184567e-02
4.536964740115438655e-02
-7.963641663829795769e-02
3.753239459101487263e-02
7.335722214845716294e-02
-4.145460703393725327e-02
2.198682824934755919e-01
-2.706709672930287386e-02
4.283406464670947433e-01
1.188008649015559193e-01
3.487544391653689679e-01
1.394357716353977206e-01
6.672709232275920721e-01
1.014179354557963042e-01
9.210492326951335174e-04
2.354490504568736431e-01
5.741386194972106921e-02
6.536617318170168112e-02
2.265318045560599236e-01
-2.548334037180770006e-01
-2.267628262568864919e-02
5.160937606947598733e-01
6.947111748500690853e-02
2.625406984942316169e-01
2.260975708032068321e-01
-4.976789735584634389e-02
9.349962504736575308e-02
-3.202449256296531314e-03
3.850047929087388465e-01
4.003998039674473430e-01
-2.222989526776767144e-01
-6.346861490729670263e-02
1.162067640038495497e-01
2.699403459472112243e-01
1.382134560821054459e-01
2.568337854816816687e-03
-1.688469281617326345e-01
9.589245799849546725e-02
9.843882670578429916e-02
-2.299813331446339260e-01
1.720796132289411917e-01
-8.336393875183065183e-02
1.440738235033166559e-01
3.120324001566558980e-01
2.065949576637527915e-02
3.092688979484048972e-01
3.714680738736915178e-01
2.964517398068617360e-01
-2.231049719763637459e-02
7.412661800212419494e-02
1.154689571288173601e-02
4.241744137858660113e-01
3.178035650665197442e-01
2.615283009004206183e-01
-2.062021224159030497e-01
3.358498192327217802e-01
6.558604688240611200e-03
2.056758066019002268e-02
-1.229854372912702193e-01
1.989777414834488778e-01
4.633222926032600775e-01
3.015641524210602720e-01
2.793050348244818792e-02
1.805869358196774965e-01
3.277935159379394836e-01
2.741942333052105329e-01
-5.330564253026019716e-02
6.303690199838416497e-01
1.591139870423177449e-01
1.370913654996207265e-01
1.219912620954704263e-01
-3.691598616542285383e-02
2.910845507151678668e-01
-5.070046680362261943e-02
2.559924675301873953e-01
2.285121425221754987e-01
7.685348675512902739e-02
1.293599737447425138e-02
-2.583159377610136920e-01
6.701723781946813951e-02
3.535808430624440279e-01
5.700423680200483040e-02
4.808591672506449810e-01
-1.584874030929191713e-01
7.583537875398843608e-02
1.949057885742674634e-01
8.932995611744942721e-02
-1.643203425068680279e-01
-8.426720462223842578e-02
-6.001509363530685079e-03
2.573535082393046403e-01
1.768258538310207850e-01
2.734163342337307956e-01
-1.785284856544093468e-02
-1.196315416243235036e-01
1.873439902225245979e-01
3.430001532534043274e-01
-4.452140439164796459e-02
1.505105733580835992e-01
1.682163185159877561e-01
-2.963261865316422772e-01
2.485734327978021407e-01
1.373932148600676140e-01
-4.775707769771224756e-03
1.896099781341048229e-01
1.963836132739762985e-02
2.513172816743006188e-01
-1.115057443121527381e-01
9.547722316629653205e-02
6.437012336809442084e-03
2.291153822196815848e-01
2.214078583533923006e-01
-3.040261012113379055e-02
1.412649948065970162e-01
1.984572893435075924e-01
3.325306498290081514e-02
-9.799897705971831463e-02
2.184287070380564189e-01
1.099032006359588476e-01
5.237074982694916309e-02
-2.447402964568255457e-01
-9.151182608910093941e-02
2.214182312584790646e-01
-5.136171727234799256e-02
1.389494848423797058e-01
2.572704495818186055e-01
-7.769273843537084778e-02
-1.329035541601925330e-01
3.263639652566190930e-01
2.290799221803839214e-01
1.994092151850965500e-01
2.656839787443383560e-01
1.602293335689465234e-02
1.541813925856460044e-01
1.360733676456334640e-01
1.708011225207697048e-01
1.937792849755791413e-02
1.932327113374785466e-01
-1.038224311168100267e-01
4.301214490950093783e-01
6.001733566198813596e-02
-3.688565086972579038e-02
-1.661315468554184702e-02
-9.233151723632986030e-02
3.453821435427174014e-01
-5.659155820013184873e-02
2.554323061395681327e-01
6.125311244547617523e-02
-8.908459040132393758e-02
-5.989828359656630408e-01
3.810958091918749124e-01
4.323380922700982287e-01
3.014491001079543930e-01
-5.278167465422133331e-01
1.536764151167352779e-02
1.841069923745086018e-02
2.459636765783154363e-02
1.134736675171073017e-01
2.006109222846734208e-01
3.862523513361537653e-01
-2.221938256550384447e-02
1.606551741008741818e-01
4.748092730814395396e-02
-2.028517864338564777e-02
-8.534713581749378553e-02
1.179947279542194194e-01
-5.072969801421453595e-02
2.806842965800385864e-02
2.838721657225642958e-01
6.188427192246142017e-01
9.866281671736866488e-02
2.135852735873966790e-01
2.586479927861750072e-01
1.271772475419507886e+00
7.215942721187994235e-02
-1.660842622019159665e-01
1.099638753094875354e-01
1.912408355429461027e-02
2.946723641198268351e-01
4.821585612424572065e-01
-6.742187946558116096e-02
-1.002809193722267594e-01
2.080433858591855811e-01
-7.369624559042914358e-02
1.521973736937485000e-01
-3.115569468089885927e-02
1.249636460943666094e-01
1.068173440221970305e-01
1.736163946213335751e-01
2.633571409701677690e-01
1.608444300534201676e-01
2.755176773696029202e-01
2.358293220242510257e-01
4.021133403427498143e-01
1.415540858199120233e-01
1.080273132529721708e-01
6.260304167045465107e-01
-1.975500833296035819e-02
1.542726738996365865e-01
1.878903917699566717e-01
3.747056541471572300e-01
2.215630188183764504e-01
2.772506730661283281e-01
8.368926968521231413e-02
2.944354394938349384e-01
1.663510569950449880e-01
1.798133470479679474e-01
1.758552413557950278e-01
9.381286356059671816e-02
3.054580298083081624e-01
2.644816476358822221e-01
4.513086067373239807e-01
2.543878604524765219e-01
1.373330617898238237e-01
-5.206809040462418992e-01
6.393216861366118886e-02
3.129693282351608818e-01
5.742744317418856381e-01
-1.184406215060585243e-01
3.779444492935139510e-01
2.918301965216621996e-01
-1.131935761871451923e-01
1.820945177319508168e-01
9.964086355959542174e-02
2.209995712437401796e-02
8.459284063907061835e-02
3.124691756544493715e-01
2.311571509863391827e-01
4.246400858354412722e-01
1.755370581258779428e-01
2.267862036259013503e-01
1.284530580095318286e-01
-3.827985001443485330e-02
2.122231744253622043e-01
1.166477221839017225e-01
2.144660771092473869e-02
3.225527356408340318e-01
-4.149303048991939691e-02
-3.712214166192764203e-02
1.814662604353855235e-01
3.077285965933096792e-02
1.629727854957322974e-01
-1.153608111955694154e-01
-9.671188020352937051e-03
3.678003226153642169e-02
5.165968701484584952e-02
2.500930180249090126e-02
7.798451855612578143e-01
-1.718080685409025324e-02
1.140581493813233455e-01
1.799055709088381028e-01
6.216837588025727612e-01
3.349657717731290701e-02
2.269357978355814875e-01
2.042407713681830550e-01
8.524375870054717863e-02
2.109689444815629755e-01
2.472090682908969217e-01
-4.056807212505511573e-02
1.436622454040075159e-01
3.386976817160410741e-02
2.066602823390563393e-01
1.093301971479955226e-01
4.845086469732032275e-01
2.358224464301428291e-01
3.486308175469425286e-01
-4.508240197875271194e-02
-2.479763397277804926e-01
2.514876788816088754e-02
2.975047576939870986e-02
8.356261075951823547e-02
-1.006824796177143988e-01
3.470867117736320950e-01
1.139538298174176262e-01
3.456079557030860006e-01
-5.903554491718689817e-02
-2.428869824392428101e-01
4.560768348947231293e-02
5.042103605635078062e-02
1.010809548647218781e-01
2.268788653098958163e-01
-2.266721074222917687e-01
3.684587772426484720e-01
1.027905428570483753e-01
8.072714378266711288e-02
2.531759596286501934e-01
3.292901442483387453e-01
1.401499330021108991e-01
-1.221095112162687985e-02
7.231491347779818446e-02
-2.653659413931197877e-02
7.199538607603295226e-02
-1.763706251133910149e-02
2.554846289933195291e-01
