2.173166044929686624e-01
8.477060678222621271e-02
-2.596415510475844068e-01
9.506694495581015369e-02
2.252450301534008326e-01
1.738985733498282504e-01
-3.405927659514174088e-02
1.120620509850439039e-01
-3.693364781699807753e-01
5.137303935355830992e-02
-2.292960302395119221e-01
5.769744096342431794e-01
-1.586701949188511207e-01
3.580094444250171426e-01
3.173611436351090886e-01
3.283167512634218022e-01
-9.192090187700065196e-02
3.470795467281675983e-01
-9.101025462957479384e-02
7.982504624826877726e-02
-1.749197078909336400e-01
4.478097989048995253e-01
3.490206705392033260e-01
3.475794759995257110e-01
-1.878723665373057128e-01
5.538901126528509300e-01
1.096431682366912075e-01
6.737485000195231333e-01
4.891007867138866816e-01
-8.946182024776652697e-02
3.366320829075902799e-01
4.422991759463610895e-01
1.076244794320981024e-01
1.295712098993165307e-01
-1.745027530593555032e-01
3.335238120209307877e-01
-1.272728814290515625e-02
-8.430584683383163247e-02
3.051657480059202787e-01
2.360220510103317459e-01
1.087918089047732600e-01
-9.119138711999906499e-02
-2.004762652682346574e-02
1.327296449298591141e-01
2.161098493702889520e-02
-1.752545771064480951e-01
-1.141242631846896699e-01
-9.839947535468125672e-02
1.286943271443965475e-01
4.363969907872314868e-01
3.665571994063954731e-01
-2.687492832518953989e-01
1.720459307160280837e-01
-8.237623422451444133e-02
-2.195405355722488544e-02
1.551387314285328223e-01
7.144282147965184127e-01
5.212559366342174316e-01
3.806102809867291104e-01
2.174011453075632705e-01
3.894230309182943328e-01
5.061376697736963415e-01
6.263412880949432715e-01
5.491395816337178992e-01
-2.056511069129001723e-01
2.422838671146501296e-02
-6.914490599834381245e-05
1.076389230347817166e-01
-3.997649022901700877e-01
-2.847221157876312497e-02
4.205007691725478475e-02
3.085530265082366830e-01
-2.707210306352901205e-04
8.464850558856916452e-02
-3.029604211723119916e-02
-1.106783451536903912e-01
2.817436136359238175e-01
2.590706590901379336e-01
7.025766098062684317e-02
1.192177454713694434e-01
-1.115169632311140274e-01
-1.306684330767739211e-02
-1.851625024956862504e-03
5.286897869937943195e-01
3.778733068887471513e-01
3.346060618332656889e-01
1.271312490396846462e-01
3.214760045371529151e-01
-7.944525799528084908e-02
4.331840590328996099e-02
2.160244242000851911e-01
2.915260962720193222e-02
-1.424106743246882356e-01
8.907562316153894155e-02
6.369381492393242361e-01
-2.059708515826658426e-01
2.338801762441276300e-01
2.310077163356339947e-01
2.618944156517659105e-01
3.077532008313436096e-01
-1.339908452451878396e-01
-1.031847072165097967e-01
-4.094683985148836469e-01
-2.561566111524139489e-01
-9.321169419252627042e-02
2.412964053244335827e-01
2.177150180165817184e-01
5.304519287310810460e-01
-4.748258045822109641e-02
-6.800628889763768448e-02
1.931055744580478239e-01
3.147273592653930807e-01
2.971749107946764501e-01
7.388891937693240625e-03
2.433442345495456238e-01
9.180586401204485214e-02
4.777167705773723294e-01
-2.121049446337667510e-01
9.066247729157018986e-02
3.607384373112605680e-02
3.817109853209912917e-01
4.963141324992811909e-01
6.113689424892719826e-01
2.491235026406040665e-01
-1.669006775502645812e-01
2.361862795963478312e-01
-4.396785616567740890e-02
-8.260039202764446475e-01
7.195478019806337278e-01
-5.259918847213112397e-02
-7.106013710432733388e-02
2.531565259169774040e-01
2.416400583136548985e-01
3.525637808782733917e-01
6.458660697308401533e-01
5.399399783560885346e-01
-1.541806453091218720e-01
-4.876293915577204624e-02
4.269766818652092621e-01
1.040600045339621221e-01
1.497050375797743804e-01
-1.971440091648892223e-01
8.024318232494914716e-03
1.243051229801377389e-01
5.653204841366329392e-01
-2.540689556275052118e-03
3.369087253793739967e-01
-8.327942605935401144e-02
1.664759413412409961e-01
9.638451024838797787e-01
-3.606591135342299831e-02
-9.600845567999463648e-03
4.944209214165180832e-02
1.366867437294729259e-01
1.459072263579318518e-01
-1.989347549284655181e-01
-1.533653461863396517e-01
1.780772214931707620e-01
-1.047429461578970739e-01
2.772958377590677981e-01
9.191517655419570443e-02
3.258657243191299679e-01
2.782476464636506885e-01
-1.375809061615877044e-02
2.645876923643638787e-02
8.653247529231994362e-02
1.468762998376444973e-01
3.607046491847026859e-01
-5.142604132353459923e-01
1.882362526510118206e-01
-6.931493677529459996e-02
4.168928771662848420e-02
7.227036864838760899e-02
-3.279564494814031228e-01
8.672176718768896675e-02
-1.766190331478175723e-01
3.165135642350012102e-01
4.683352637206746327e-01
2.121928567862877701e-01
2.401033157282787128e-02
9.419604523892175507e-01
3.482790294623375749e-01
-6.189989730487344133e-03
3.963781835531052788e-01
9.983139128098011961e-02
2.133303855282494554e-01
3.898567810506756715e-01
-1.893240390891124669e-01
-9.397662129546265064e-02
-2.557573229338712673e-01
-2.630295902786130430e-02
1.715618398862218119e-01
-1.803184495467421711e-01
3.279787539576390909e-01
-6.878070580928388744e-02
1.878108873775575227e-01
2.555234921386505542e-01
8.312088923625723935e-02
-1.910473819515777771e-01
6.364827902852762155e-03
1.665018913155130384e-02
-7.568184723389713951e-03
3.777359626841834683e-01
2.256856064047445265e-01
3.332984237710105990e-01
4.696624940815295052e-02
-8.583670955312781847e-03
4.273478222916042846e-01
-2.480835573823469697e-01
1.552561938701750854e-01
1.693147065039626586e-01
1.872977793193444651e-01
8.072487375291959033e-02
1.977909365330922375e-01
8.462930597478125760e-02
6.065791545049409317e-01
8.096596619099577508e-02
1.207168258960252399e-01
-3.228218650941012124e-01
3.706172674151002149e-03
5.003740876782214464e-01
6.148424096091207325e-01
5.060376630070911874e-01
-3.127973126574547513e-01
-1.141733310889116171e-01
-5.846993177960612131e-01
3.273321227305403536e-01
-3.263128288258948517e-01
1.948460110563209891e-01
-9.249444483982911802e-02
-1.114890189995871306e-01
3.672910251875260990e-02
-7.216318613241591573e-02
-1.258420523540728642e-01
2.991870750619488734e-02
-1.742940671992603274e-01
-3.024730158855182260e-01
-3.892057875568106229e-01
-1.620560552972823698e-01
4.419830965665100253e-01
7.374237870235705872e-02
-5.994967276237195969e-02
-1.764604786902030098e-01
1.880901925330085711e-01
2.657347114680935762e-01
9.155153636603650946e-02
9.807554278898475975e-01
1.450784433419928521e-01
-5.534310090643727031e-01
1.827665226990040082e-01
2.659797765310158504e-02
-3.221240070302711644e-01
9.766664788917554796e-02
1.383114935118099909e-01
-3.375735866250591521e-01
1.314477221245756444e-01
-4.706595564978476864e-01
3.233319370767104850e-01
1.158719289382214995e-01
9.927220554649514306e-02
7.814373113474787358e-02
7.315336283777595927e-02
3.223919415623353046e-01
4.859015112609640745e-03
5.974934166233483168e-01
2.578344333995716831e-01
9.570589196145957989e-02
2.810318592797824699e-01
3.494789981648264154e-01
3.006856178239918909e-01
-6.838106508809720097e-02
-6.280633373960173849e-01
3.374446710366514335e-01
3.831956006692056604e-01
2.859993811893193350e-01
2.259967605330753249e-01
9.086534170906693242e-02
3.124870743475784418e-01
4.448448973522107219e-01
1.397026217121979594e-02
4.493400009437306664e-01
4.637072506942800376e-01
1.892287123924423220e-01
3.337091708758628816e-01
2.164122006470760307e-01
-1.490609282348032416e-01
1.071835556166918640e-01
7.075676703862196493e-02
6.890261282784596597e-01
1.534779011959051254e-01
3.070240650859766829e-01
3.089145818781157127e-01
-1.179602017730689741e-02
3.931963956385019499e-01
1.645667922161082042e-01
7.084618990180518994e-02
7.056367212051506410e-02
2.010775286135923490e-01
1.102638550103216680e-01
3.686456099950318754e-01
-1.722550762216273346e-01
2.128373247716466021e-01
1.295351246330637626e-02
3.917271628853390419e-01
-8.096516652262733191e-03
2.213114808693554536e-01
1.801575832627517193e-01
-9.515012803748659764e-02
-9.764287316089151347e-02
1.974070961903051299e-02
-3.300995263132319169e-01
-6.654060191974005278e-02
-9.423894710829947008e-02
1.007678153558924927e-01
4.382505967041271933e-01
4.820392378119606192e-01
5.394672448298121203e-01
1.529189937810518929e-01
-1.187562602782600424e-01
-5.460661138049033303e-02
3.708233065554639718e-01
3.126376935083967634e-01
4.278503511888145233e-02
3.225616818685250187e-01
4.762962035454228471e-01
-1.234464581162825203e-01
3.509863420757945995e-01
1.828979422846276903e-01
1.065877219732248443e-01
3.114780417778565402e-01
-2.634995534907696446e-01
1.614707316644558299e-01
2.500586062211351823e-01
9.317821485323486697e-02
3.501346431742803356e-01
-4.523202451318501099e-02
4.359610113902132045e-02
1.702299653690681480e-01
-2.115793739076490907e-03
3.565026456669961319e-01
5.551692690522491702e-01
-3.574660039775346982e-03
2.390309157093289671e-01
6.025421076238010043e-01
-1.828262324506918224e-01
6.280393761638094485e-01
-1.080301005698413586e-01
2.329633880682673019e-01
1.630422559952870165e-01
5.650471232987863690e-01
5.622537838937181620e-01
1.347055156458778491e-01
-3.162046297040668752e-01
4.815530847835509665e-01
1.260534536064601523e-02
3.669198207274065870e-01
1.125476036771446142e-01
-1.036131082625427469e-01
-1.534424922122778756e-01
9.986655411850306474e-02
-5.836233465576722707e-03
2.290398745213840237e-01
7.231837345362593372e-02
4.297768946516229427e-01
1.855175966755386874e-01
-3.022083960473361669e-02
-2.223393032388326918e-01
1.119656676832929271e-01
2.571378864194964198e-01
4.680949740368299250e-01
1.735019105699626141e-01
-3.037171083839579344e-01
-1.372772842334252785e-01
-2.251715790622887126e-01
1.186091317314354188e-01
2.238150268180937874e-01
4.020407507090590915e-01
4.261901226796313731e-03
-1.352147376742888485e-01
-3.601552996774294302e-01
2.670165882146889325e-01
-1.116731251042057949e-01
5.957370579361800367e-01
7.605344927256237064e-02
-2.701622572920060472e-01
-1.765989558596823827e-01
1.818191021467119028e-01
-6.003301759219388245e-01
1.963859196745663949e-02
5.370289714524895293e-03
2.840946717341114591e-01
3.741724622133956180e-01
2.051852741776352962e-01
-1.002012132313621906e-01
-1.078243751380919824e-01
1.690815819069840242e-01
2.011617126185096527e-01
-1.125463035757006958e-01
2.622873280236872606e-01
4.564293389012582525e-01
-2.926176430686979191e-01
1.346965061484689252e-01
2.941958045595985394e-01
7.892509298540921481e-02
-2.249963422468576404e-02
-5.611174165931518548e-02
-1.821944304208330742e-02
2.411029916618611380e-01
7.079567087660047775e-02
-3.737533291691084170e-01
5.618076089109607096e-01
3.802596247956742670e-01
3.251154882061100815e-01
2.507574288204527102e-01
-1.173996449770308148e-01
-1.079648475974644417e-01
1.077039639514396768e-01
-6.455003736934981917e-02
9.038826398817823016e-02
-2.253086318879268801e-02
1.106513574014873769e-01
-9.831938640088530579e-02
9.791795407024757314e-02
-6.830419183883432166e-02
-1.786649675164942441e-01
2.111930636279117646e-01
-4.417355101381044424e-02
2.282161896616801897e-02
-1.046672373237009790e-01
2.158134732210308382e-01
-4.800918498506735743e-02
8.452711321982474268e-02
2.453683589499278672e-01
-2.993456922484518112e-01
5.280004300518249816e-02
6.471109795839014023e-01
5.358967192979496863e-01
3.009669396290666765e-01
1.598964050619120780e-01
7.456637034829213251e-01
-1.105465645112490604e-02
-2.745557596935092604e-01
7.700662968248225826e-02
-2.423020480543865152e-01
1.341146035564818872e-01
1.366693785242195924e-01
9.731162391356622254e-02
4.248920976854087539e-01
-2.055214291010607972e-02
3.780806234174498015e-01
2.086891093274817754e-01
-2.677612872678463707e-01
4.280673860824718568e-01
1.045068383878207802e-01
5.107056908511334870e-01
2.156478656303650043e-01
5.999315673131974114e-01
5.087129394904537083e-01
-1.008065608592368795e-01
1.392711027561724380e-01
-8.323357892680532943e-02
2.568239346809845780e-01
2.005535969513769778e-01
-1.277744211213913406e-01
6.057515987415281605e-02
4.887751379329076107e-01
2.353293716611880859e-01
1.683755580741435054e-01
3.240306951675671621e-01
2.036933125783847998e-01
4.496053161474410781e-02
7.801254530933882103e-01
1.400714343801506834e-01
1.613739971626329262e-01
1.783531148130466926e-01
2.804845645937101284e-01
-1.005403391801830693e-01
3.595557420269149818e-01
4.005399653667991999e-01
-1.616015815122760768e-01
-9.932554789225556124e-02
-1.995088978236682908e-01
2.000240472069901021e-01
-5.444403677606604597e-02
4.820216946469383368e-01
9.456415680450727668e-02
6.877596221233840679e-02
3.730319980961036008e-02
-1.925453088565804993e-01
3.862354885924376702e-01
2.380252512841561363e-01
2.038646997080737280e-02
1.465973910234024125e-01
-5.105340738738670808e-04
-8.129280550297763100e-03
-5.400161388135257257e-01
-3.736784955485817350e-01
2.703963024043501417e-01
2.675851516655206597e-01
-3.069526312690379899e-01
5.782130563757016395e-01
-3.517245297995994502e-01
-9.348455960260573794e-02
1.942814878300532233e-01
6.821023459707694636e-01
1.651620429019706460e-01
7.099559482945441147e-01
1.867037022770503818e-01
-2.239008587907250492e-01
4.461456994749723494e-03
8.014762520302472215e-02
-9.572119661218637943e-02
1.912278099592651104e-01
7.830554463430508538e-02
9.222716192764900123e-02
5.832273431021337551e-01
2.823158858785234648e-01
1.718382604105444245e-01
1.769392317601523046e-01
5.698838458615221869e-01
4.015005237499949531e-02
2.254535837110206442e-01
3.173530960849480498e-01
-3.460079382206532328e-01
1.762063525699705258e-01
2.054071586015634721e-01
1.092547588130154818e-01
-1.773420185791828030e-01
6.462915210494878104e-02
7.715990004464522156e-02
-1.085914790091985493e-01
7.552799302148975992e-04
2.705665493581179137e-01
1.846186919376324731e-01
7.216849416864719313e-02
2.493074079920515052e-01
3.422392997862933051e-02
5.463116815575662644e-01
9.452211136649289747e-02
-1.231080462911911394e-01
-2.226263230919364733e-01
6.565647109187050523e-02
-3.078760224467810835e-02
2.791454786661307641e-01
2.254691532339037074e-01
1.116998489842750469e-03
9.980330273413268172e-02
4.906030891619127532e-01
-2.553496747331643890e-01
-1.137645366894969035e-01
2.550993734807203150e-01
-1.437793433467096094e-01
4.772613105561464980e-02
-1.032851320488449576e-01
-5.069414179796302711e-02
4.452832753694854762e-02
2.146933429257678605e-01
6.865415110362610429e-01
3.863417104373303296e-02
8.471180405537745428e-02
7.609389252122078506e-02
7.961285252315795924e-02
2.204323038701647419e-01
2.038420105654666914e-01
4.700573852775669081e-01
6.956291595578537046e-02
2.386529047274018878e-01
1.718731977314761072e-01
2.328542890852259573e-01
2.924212135796530054e-01
5.158027751997930066e-01
-1.810403033187479027e-01
-8.569911952125647270e-02
-5.610813708768780383e-02
2.724945717660590683e-01
3.759137867137501976e-01
3.605659728787621310e-01
-4.969280001074029285e-02
1.786880396895819123e-01
-1.203628799737626182e-01
2.863153253388504415e-03
3.043903201564017794e-02
-4.149591276510661286e-02
1.407329880606670303e-01
3.767408224016629559e-01
4.218788538279463762e-01
2.595495715222689292e-01
4.250611051013641895e-01
1.839802077246825152e-01
2.909406635796626950e-02
3.878638095947123943e-01
4.215781584676440291e-02
3.344158543844608644e-01
2.395692521995660962e-01
3.177779094245215541e-01
-8.782077915367318688e-02
9.066513697085727685e-02
2.493791390056838142e-01
1.925860714411451458e-01
4.294695264788930267e-01
3.467186413648273152e-02
2.255076384382256327e-01
1.550458028413711012e-02
2.913127619097794496e-01
2.352763888884571580e-02
4.618751016579823454e-01
9.581886702018751686e-03
4.368886007161069951e-02
3.626570607748287323e-01
1.206466308497633616e-01
1.638342879664889951e-01
5.288963913755368590e-02
-6.294212720270413175e-02
8.663515443596982168e-02
-1.317042698619942109e-01
3.530038255000099157e-01
4.113651911280802875e-01
4.794000777326192231e-01
-1.792108710735778598e-01
-6.277484918091835731e-02
-4.131764328132372932e-01
5.764139202444380494e-01
-1.613430539049089119e-01
4.681276197389603877e-01
2.353220507696905384e-01
4.041575322870984976e-01
7.201809238919439082e-02
-3.480063276610505241e-02
-3.076264459288126640e-01
1.670164627995255613e-01
3.278868141657423352e-01
2.048058016112187518e-01
8.743159365442979003e-02
2.267035730586115794e-01
3.663266720364979911e-01
2.011769604780828946e-01
3.899502232896170928e-02
1.881419776200478622e-01
2.374604914009279533e-01
1.265972391834622145e-02
2.731606284939886494e-03
1.322765539218788700e-01
1.748004371958497005e-01
4.206693014454682134e-01
2.746964663826534925e-01
2.266935744182812795e-01
1.178156202651667872e-01
4.779201157340833700e-02
1.012675936557391465e-01
1.573209128553694769e-01
-4.067532909470902153e-02
1.607489012997629085e-01
7.717965318272088648e-01
5.483987372548309452e-02
-5.285410584258040112e-01
-7.369247837212992980e-02
-1.046577651286336036e-01
2.193920354517289173e-01
-2.862401046285401041e-01
-1.248308839675885407e-01
-1.708181677817589561e-01
1.492881142301717701e-01
7.905562178993071065e-02
2.108405498730146210e-01
4.088850011954802133e-01
3.908509078039933970e-01
-1.303839559545506288e-01
1.728148835731093125e-01
3.848541819394821761e-01
-4.413396909933614554e-01
1.651592968976634546e-01
-1.492698144449460529e-01
1.991466230657468542e-02
1.685318964406632980e-01
-3.805056648927575974e-02
1.348777368980269842e-01
-9.927821808019576030e-04
6.584683689031628484e-01
4.984868678548031729e-01
2.628754214402853617e-01
2.439983939033106841e-01
6.576215011199311178e-01
2.090996343073291963e-01
2.208182463513155280e-01
9.827154450941523178e-01
-3.381920815725454332e-01
1.331275481966708030e-01
-1.905399028293177921e-01
3.710223544173841259e-01
-3.165818672672061629e-01
-1.178701757508540671e-02
1.850334938044948530e+00
6.324859630870739435e-01
3.798507591676334449e-01
-2.769940521716835469e-01
-2.915235965081707237e-01
2.545772163351315842e-01
1.225621597966354559e-01
-2.401746562603559315e-02
1.639055313440466732e-01
1.417641176023273220e-01
-2.156948080356595188e-01
-4.412633379688470081e-02
-2.181032971735787640e-01
2.013714711809473368e-01
4.553095195751807878e-01
-1.252589438580494763e-01
2.195037448093339338e-01
1.305633329690346345e-01
6.018874717678230485e-02
2.640032297819375554e-03
-2.402334825428049103e-01
3.667034666477376748e-01
-2.487227016948385105e-01
2.002326792000351519e-01
4.498748517750697506e-01
3.615192573193923287e-01
1.483726765003656189e-01
9.173162071708315102e-01
1.741907542707946954e-01
2.169325390970732459e-01
1.857464689367424315e-01
-1.307353235471083175e-01
1.706796837537974121e-01
2.427417777073666294e-01
-1.580506882592069007e-01
-1.796898670442185486e-01
3.208721316250825462e-01
5.363958372320402901e-02
4.235288792265558960e-02
2.297720623120560746e-01
-2.122840700362997601e-02
-4.261473603645033609e-02
-1.385908929113432997e-01
1.614515874436977527e-01
6.563069540171224681e-01
-2.804399931079190056e-01
-1.022150974217695962e-01
2.315870871701372347e-01
8.355397555324391157e-02
6.208072461119025220e-01
2.132303064004319529e-03
-3.047154032367753729e-01
1.899719253484653259e-01
1.225977068073192261e-01
-2.129547625693494761e-01
2.734922506991557811e-01
-1.351645919570972632e-01
1.555919444279044994e-01
4.374569395100966762e-01
-1.924593280416976859e-01
1.863807653760892191e-01
5.156859291230006526e-02
1.310938603626288501e-01
1.321665685091518161e-01
7.840679341647771583e-02
1.277212079535648415e-01
4.739719464604720822e-01
7.517096730278716166e-01
6.274095082579730920e-02
6.959404020601454854e-02
2.174986370083124287e-01
-3.043950411373287368e-01
1.312120118390976142e-01
-1.894531218056351995e-01
-2.054807406416677903e-02
5.878489863645661728e-01
4.502146706069032334e-01
-1.070313747078308064e-01
2.559094948982555406e-01
2.233253057074223724e-01
2.107943437079445592e-01
-1.231100535489672576e-01
5.778858786311208418e-01
1.494122980475555418e-01
4.122684875430790985e-01
8.117307078116726970e-02
-1.354483469855047861e-01
1.070639396493081458e-01
-2.448546287732086650e-03
2.387107933564944773e-01
3.616099620608062559e-01
-8.701599311475174958e-02
7.577970673705186622e-02
-8.662490472324295421e-02
2.204394533292573788e-01
1.844660736748421348e-01
1.301732592705968083e-01
5.341065237368366470e-01
7.488216880731779490e-02
2.040245958333110343e-01
1.171134859990466265e-01
3.399679537751633673e-01
-2.548801412630968266e-01
2.029290447436259970e-01
-1.682087205415918330e-01
2.033325574703311600e-01
9.175255235380122554e-02
2.288397498395216278e-01
-9.702014993952168265e-02
-8.342532672636698843e-02
3.584225284860996230e-01
5.868706200375468640e-01
-3.665472789042970719e-02
-2.198391885261717291e-03
1.989443156967012072e-01
-1.379600901941714919e-01
1.612671675299703899e-01
9.164060123729968199e-02
-2.243069934840864060e-02
-2.102104728034084186e-02
1.378107435299179284e-02
3.236771996459347212e-01
-3.027379301672034756e-03
2.262994785239863874e-02
-2.849007993957242690e-01
-6.653020421093255865e-02
2.382195520037380665e-01
-1.965717252808543980e-01
3.961709125037253809e-01
1.605379493388868206e-01
-9.541129263857625609e-02
-2.701702626915412631e-01
3.571485317036803830e-01
-3.110064939855427049e-03
-1.333956313603701892e-02
-3.177557319467826935e-01
-7.434711605591898254e-02
-4.780081605098393527e-02
-1.286873807164979483e-02
1.691553123419155535e-01
2.219575559719344504e-02
-2.856149608107941829e-01
1.229524220716874394e-01
3.558134956938603377e-01
9.212737475142718235e-02
1.569953417614201596e-01
4.065395636203006924e-01
9.703279126954389433e-02
2.220017614663207794e-01
3.796893724112390123e-01
1.802634682780082098e-01
-5.292864319454780586e-02
2.291946786930415814e-01
2.023680445278577475e-02
1.647728200512642016e-01
4.598604412275394265e-02
-1.328132517748165931e-01
-7.814996032802129511e-02
-1.417022065364288985e-01
3.791324391040304942e-01
1.305679949291466413e-01
3.983561073351616355e-01
-1.139527857781735300e-02
-1.537689742197924890e-02
-2.766010873850218155e-01
1.211304064076317438e-01
6.341846545383337252e-01
2.677783619133932147e-01
-7.340035906801841703e-01
-1.438159194447682643e-01
-5.789730095336044491e-03
-8.236038859465948103e-02
6.111139465709392732e-02
2.621680761980913488e-01
7.235886703991789570e-02
-9.210937780109687556e-02
2.020525147868307281e-01
8.079745660204068480e-02
-1.156833174434836603e-01
-1.036093108133171771e-03
-1.491874866331759919e-01
-1.532691418370582537e-01
3.415151654018757643e-01
1.570942935866868895e-01
8.760852551033193603e-01
1.335362250574057830e-01
2.184438004466081606e-01
3.395272901508665231e-01
1.034871673872515441e+00
1.416192323580218182e-01
-2.992606297513420444e-01
-3.684753127029555264e-02
-4.150583962716531544e-02
4.032010308679344068e-01
5.339653800592097932e-01
3.254398815607686957e-02
-3.457388689574562857e-02
5.347280225484716265e-01
-2.735650593280378740e-01
1.117113025258320153e-01
2.872208196460226959e-02
1.015398806590245562e-01
1.732399647059779391e-01
4.080176441436564327e-01
3.316117424020436077e-01
1.766929661552420761e-01
2.893023714708550242e-01
2.429216342497881875e-01
-3.098847339441468743e-02
-8.739086901648339401e-02
1.447240466012464921e-01
5.376567514858250352e-01
-9.954122431014748862e-02
4.552070478023700351e-01
4.947016546318702690e-01
4.231992173557324599e-01
-3.149754846431496169e-02
2.486145240927678801e-01
8.988965318468428167e-02
1.878738383287573144e-01
2.976117350368480685e-01
5.799353505195011804e-01
7.983385689570366914e-03
7.374743215070321545e-02
1.329752461427451682e-01
5.489740451151833289e-01
7.578810309677043167e-01
-1.915061162143481266e-01
5.739907109154512160e-02
-3.777908099960203825e-01
2.059935405524855323e-01
1.761683353629697191e-01
6.870150894070889969e-01
-9.762177436544960951e-02
3.550906609296630156e-01
2.835640718180205133e-01
-2.613794925219923848e-01
2.227649346903635419e-01
1.749307243654711977e-02
1.411818076439430407e-02
3.813475408849777148e-02
5.817095793009670057e-01
4.157781833534808791e-01
4.126250629860367392e-01
4.657666041293416215e-01
1.213591109926455552e-01
3.442739192895143407e-01
-1.516843837346114887e-01
4.462574313703003837e-01
8.747379137257278725e-02
-2.373891121876849086e-01
-1.388602008458034165e-01
4.528559856614019496e-01
1.930597660150082662e-01
-1.475876380172837510e-01
1.493356787817693154e-01
2.521009486702934232e-01
7.333348563147838728e-02
-2.617835418777932355e-01
5.565910638658354975e-02
-2.614359158089445412e-01
1.358986925993723449e-01
4.285520096206597573e-01
4.756632024281654686e-02
1.630268403362746810e-01
3.382786695128269794e-01
1.046891570116611492e-01
-5.416832208657706982e-02
3.008979726050715620e-01
2.660854518707160277e-01
2.341689425209034225e-02
3.029181288694972052e-01
2.541218405467625119e-01
9.912829292255889713e-02
1.481429221703209065e-01
3.550079839540361548e-01
1.400273767664872160e-01
9.058541523515944993e-02
4.671670900504771295e-01
3.304864173430642760e-01
3.066627172331453655e-01
1.632263426032500020e-01
-3.729364077139473710e-01
8.162952664181061246e-02
-1.461917615819546823e-01
-1.253334460640559977e-01
-2.792311758400546906e-01
2.608132883345264941e-01
1.689245251270809489e-01
3.571299399413179754e-01
4.015476715569787913e-01
-2.241022650046396378e-02
1.132526519295126849e-01
-3.803042310882547017e-02
3.402076703346700731e-02
1.640480070123870870e-01
-2.385180985659181296e-01
2.840841774443247925e-01
-9.943605812821623702e-02
-1.977706421063685494e-01
3.298132324762836909e-01
6.836989894092200259e-01
1.012795622565323961e-01
1.188991435536458224e-01
-7.554101481103893401e-02
-7.944740161575403192e-02
-1.019428047240990565e-01
5.219192931013382636e-02
1.449175322719150338e-01
