2.407544179315646848e-01
9.591233721667503931e-02
-3.958126390026334152e-01
1.018648356495891055e-01
2.400478887402446027e-01
1.405009367774830153e-01
-1.784508508155985274e-02
1.201138898515549114e-01
-3.902540455035307665e-01
4.470296826428230008e-02
-1.823737965181564669e-01
4.235215823516910727e-01
-9.721570094764438175e-02
2.817160169775836387e-01
2.831647263632621758e-01
2.354008105543876628e-01
-9.976092197628907976e-02
3.428800781130242892e-01
-8.843532486151617356e-02
1.483333407660093195e-01
-1.522948281794621883e-01
5.760928346237700337e-01
2.678672788189055409e-01
1.572765793939443491e-01
-2.480441325998724300e-01
3.984983963638626947e-01
7.395039685457660550e-02
6.827955256222447700e-01
4.839195928525796275e-01
-6.139550956099112944e-02
3.514865818018492738e-01
5.273646222555262719e-01
1.416067124176832448e-01
1.294857181808408697e-01
-1.151183139585956194e-01
3.130163078797658649e-01
-3.421134282091867207e-02
-2.135853989630095984e-01
1.843317996637617862e-01
1.767645028457133782e-01
1.761006563670167169e-01
-1.227154097714336645e-01
4.685116402344828047e-03
9.610047670973957679e-02
4.662329881148422756e-02
-1.121082661024881688e-01
-1.758454966408858344e-01
-2.183433700442132530e-01
1.463819749570705875e-01
3.757025516689215250e-01
2.891165394317798398e-01
-2.667423936142242491e-01
1.356994587663647722e-01
-1.593293743860202949e-01
3.600969960087666705e-02
1.777134607911692310e-01
5.300589975650659147e-01
5.449760098604901071e-01
3.267499409853242831e-01
2.364925024385269026e-01
3.861245955723281442e-01
5.844913574882483198e-01
4.790228150923964701e-01
4.337702118696383224e-01
-1.901505547120793671e-01
6.870245428825519363e-02
3.382059929579845498e-02
8.033936285056274273e-02
-4.948631974854088567e-01
-2.627393571405322453e-02
3.581236565598794330e-02
2.544392111903105436e-01
6.331926394717860007e-02
3.456451518586194788e-02
1.127710853548204856e-02
-1.527725921787051466e-01
2.837524657565489994e-01
1.835643496619068782e-01
3.925040940324803218e-02
1.146289549251631734e-01
-1.116756809460836691e-01
-5.478912853563257246e-02
3.353273362431421351e-02
5.353842935845891660e-01
2.472731193187256149e-01
3.557844911899399887e-01
1.618180604171414183e-01
2.755331477166412801e-01
-3.784223205236490750e-02
1.110864353032147006e-01
3.578861315151299904e-01
1.380377646196642716e-01
-1.353322176247021280e-01
7.044967363992313270e-02
5.987600584282907201e-01
-1.373083893579454262e-01
2.138592801114438668e-01
3.695267707345714081e-01
2.342813254748025709e-01
3.261914032172582578e-01
-1.266680276035180019e-01
-1.189725736719341870e-01
-4.034095912992884392e-01
-2.188587738716135933e-01
-1.567822133462911521e-02
1.605622469947814712e-01
2.882758072747546585e-01
4.768562430510134287e-01
-5.724228931826222389e-02
-5.659457729424800798e-02
1.383432353440015028e-01
2.103037593543900241e-01
3.368302169795939216e-01
4.588654052416472201e-02
2.923625935140137799e-01
2.501941474242155850e-02
4.129476723564260987e-01
-8.805061097236163703e-02
-1.874123725239410995e-02
4.071535940276027610e-02
5.083481881368525634e-01
4.684156949868477637e-01
7.454355922655482303e-01
1.692423226506105105e-01
-1.914879421072113730e-01
9.660802053395833866e-02
-6.124625092312775687e-02
-1.296944514034758855e+00
8.012935101984907105e-01
-6.436052546409261332e-02
-3.531129730120024374e-02
2.358901412041355672e-01
1.698796347911885052e-01
3.047633741076213876e-01
5.998807275569443265e-01
3.109081678030221063e-01
-1.549280497129449652e-01
1.114920127678804135e-02
3.041449629209326821e-01
5.986372148194114146e-02
2.127411452670197878e-01
-1.826309900247869156e-01
6.642963595390410925e-02
1.739458734214159863e-01
4.627890605544304203e-01
3.546207941235837019e-02
2.973760299825352060e-01
-4.818717788267343205e-02
2.097239725752334805e-01
7.843437503980373871e-01
-2.304404584048041355e-02
-4.961187785110467152e-02
5.835838416461504308e-02
1.373838847604205993e-01
8.604104042418007914e-02
-1.917158710897970131e-01
-6.888384375506952095e-02
2.129873108970346263e-01
-5.620384666669539508e-02
1.650546474280676912e-01
1.751357150993567702e-01
1.635151672848353388e-01
4.060542528981725963e-01
3.563081493204175304e-02
7.434267401401876973e-02
1.192580712083457922e-01
8.721170893075883002e-02
2.612442203649359418e-01
-5.246145009108049706e-01
1.381587717950487626e-01
3.322096990229185531e-02
2.048628805655156732e-02
6.721276451132390806e-02
-2.551366235826113549e-01
1.188663122072756290e-01
-1.288377622249826659e-01
2.776285972477700037e-01
3.602338581541826290e-01
1.992929908831385377e-01
-2.345906791137243944e-02
8.049892779741171234e-01
2.570531579642369446e-01
6.539120582493131682e-03
2.727803580627248259e-01
1.404542308533571204e-01
2.327386213398154047e-01
3.993010102174600062e-01
-2.611505719499408462e-01
-1.079724860920955876e-01
-1.901830067817408543e-01
-1.495834073646335784e-02
2.203979794567205441e-01
-1.526847512923339978e-01
2.838721085277213230e-01
-3.053307082051255616e-02
2.088113232571658651e-01
2.078593989594890445e-01
1.924277100137022634e-01
-2.297438141589588367e-01
1.690741412137032953e-02
-3.856032543708830251e-02
2.245295693845397733e-02
2.892212496301646563e-01
1.818908812626122418e-01
4.490052949703958185e-01
1.179205464193168740e-01
-4.957378064186295733e-04
4.440554470552577904e-01
-2.620271375970227856e-01
2.094803189354650375e-01
1.268392406195124889e-01
2.281999671087494019e-01
1.401447961977555778e-01
2.381255300437029043e-01
1.860526032038561373e-01
5.052593183379240349e-01
4.705782435862533586e-02
1.783636821735274658e-01
-4.489851475081553800e-01
8.189387559326993804e-02
4.879867389236280939e-01
6.743440007031563654e-01
5.320201468104123199e-01
-2.679264451542743286e-01
-7.263289057880674415e-02
-6.302401288953421998e-01
2.814248287838888585e-01
-3.785377486564474037e-01
2.154893721500146520e-01
-4.178162210371006574e-02
-4.336929288964766482e-02
2.562987880046274647e-02
-2.426135623017109527e-02
-4.884889197487923135e-02
-9.364957468126178242e-02
-2.125190789251605594e-01
-3.449035930422822416e-01
-2.149965751344412035e-01
-1.009318757818825352e-01
4.264230773804888464e-01
6.117729678568451651e-02
-5.315098996135199372e-02
-2.065614091057505208e-01
2.376692007710984877e-01
2.535994019209133477e-01
1.445040117945523839e-01
7.022162912856957373e-01
8.262661482533406598e-02
-3.674245585942774728e-01
2.477650919103797089e-01
9.064941461947326196e-02
-4.015919338520523296e-01
1.482787977792259793e-01
-2.392604584178276150e-02
-4.122168055957068922e-01
1.707753076870788256e-01
-4.793190079306692830e-01
2.760331235266800798e-01
1.275891042344477200e-01
6.453084023221953430e-03
1.894425124417132011e-01
6.373854691425746843e-02
2.836401971786538523e-01
1.165952158621215255e-02
5.907192231754057055e-01
2.004062408854303257e-01
5.927114890682619319e-02
2.648785116745525081e-01
2.696888120520308796e-01
2.760590365564785653e-01
6.130949768660551996e-02
-7.502174970391394249e-01
2.640384979000306997e-01
3.690948546830875032e-01
2.643933143714303213e-01
2.047253057759514661e-01
1.001131320146348286e-01
2.524691865771447885e-01
5.024822665410335620e-01
9.306137437484605923e-02
3.774062354669358577e-01
5.734811370533841046e-01
1.714380377141844769e-01
3.157246283164323319e-01
2.050311675665213440e-01
-2.758397768650835413e-01
1.041466215459940503e-01
1.608173043153356477e-02
7.821633900323996524e-01
1.713574994681326957e-01
2.273208823583761917e-01
2.304569652649366418e-01
3.775888171215272676e-02
4.199173985718619440e-01
1.815585798221002467e-01
6.031168649803718418e-02
7.252679446051824019e-02
1.939759630857364192e-01
1.034950315661003484e-01
3.363270315332946847e-01
-1.816023857858395929e-01
2.077842791149263069e-01
1.185203929877268886e-02
3.431725992801972769e-01
3.162149576157351205e-02
2.268214256248242688e-01
1.872904815777761689e-01
-1.713007227169439095e-01
-1.419411736901598498e-01
4.495649162117728442e-02
-3.411665532162101444e-01
-2.455818052618825853e-02
-1.525785256273175516e-01
6.205922356741608477e-04
4.411725702772890112e-01
4.284359067385367092e-01
4.067486526733462004e-01
2.328179571295316830e-01
-6.668390299603850491e-02
-9.090458421327758665e-02
3.220389422930860501e-01
3.280268405652003727e-01
8.156055406269605013e-02
2.049803777067777666e-01
4.997013889851997792e-01
-5.314461412420970997e-03
3.739394439801648207e-01
2.593032393229091626e-01
1.294149881962669835e-01
3.061627070032542641e-01
-2.472200448351318802e-01
1.739195695754016113e-01
3.059101524095734770e-01
8.102200454342194103e-02
3.791102554568063221e-01
1.613815908799820162e-02
7.980286038613908228e-02
1.853817101012230906e-01
-2.968701219238261899e-02
4.185662996245447798e-01
4.028507823187539305e-01
-8.134942477008931527e-03
1.865208279475394360e-01
6.353442539640202780e-01
-2.365714013378031055e-01
4.248815851694108248e-01
-4.493632493398691530e-02
2.281409443734725151e-01
2.338217167815133113e-01
3.478967920876572251e-01
3.758274429189880639e-01
1.082758932217776499e-01
-2.732228981376776944e-01
4.825503104208570537e-01
-3.512962814631084146e-02
3.278739158188056502e-01
1.699997801528106145e-01
2.024413452223108520e-02
-1.121720550872738753e-01
1.119079396299361429e-01
-9.533222629325587352e-03
2.932011788744058323e-01
1.443626553764717768e-01
4.366410966333957311e-01
1.860949165617174494e-01
1.375857759604249414e-02
-1.557401691281095624e-01
9.649825215639730447e-02
2.120652133428373443e-01
3.801420577233474152e-01
7.127267343488660756e-02
-2.421403237773338823e-01
-1.294128040894083342e-01
-2.976249418051595819e-01
-4.960901368826219765e-02
2.523840235585368963e-01
3.480205110949996516e-01
-4.117701935396222979e-02
-4.723698851278083921e-02
-3.491939523246216925e-01
1.870496236171076687e-01
-6.163945174516641951e-02
5.585660668154873720e-01
1.129529531417270694e-01
-3.731802278906274362e-01
-6.653551393198198216e-02
2.048588300263080031e-01
-9.144727025632088946e-01
1.217664286255386447e-01
-2.150199622840669525e-02
2.580699281982336002e-01
3.500452468636772174e-01
1.686055274062411291e-01
-3.828390089764733412e-02
-1.287077308842626278e-01
1.677128990052860757e-01
1.555475277089604647e-01
-1.036081025132216255e-01
2.475245691341815546e-01
6.444223566753689569e-01
-3.150449856179872721e-01
1.761513623996610045e-01
2.383453368765613700e-01
1.100972791109811888e-01
-2.728127456961151887e-02
3.661456506335256100e-02
-7.432897739310077856e-02
2.959858579987675320e-01
3.676332594743565024e-02
-4.915590700526170087e-01
4.777361227721736436e-01
3.765662494298219198e-01
4.163909146056615218e-01
2.181186247624937180e-01
-1.376070251051585702e-01
-1.954427020034475368e-02
1.496578589863152564e-01
-3.940484086137525932e-02
1.131247360331068125e-01
-3.480471995228024730e-03
1.035174720140364241e-01
-6.204290897702317842e-02
1.342947893793043912e-01
-5.092724381857742511e-02
-2.025367668944114408e-01
2.286346662184794154e-01
-3.446924866758428740e-02
8.103622760676106040e-02
-5.551344000287349728e-02
2.306952874941189391e-01
-1.436141407160946293e-01
7.082138759510940573e-02
2.977081740258374354e-01
-1.992888370539261655e-01
5.983696175529849143e-02
6.674538643964221807e-01
2.742580029714682954e-01
1.608310617629435946e-01
1.494730189481914828e-01
7.283291035469822150e-01
5.728277458236902264e-02
-3.018676363207077329e-01
1.571232205328776665e-01
-2.632594059270264020e-01
1.950476657304051620e-01
6.838016783339344318e-02
1.081817039365234739e-01
4.925546377166698520e-01
4.680098507049491180e-02
5.200087159945859794e-01
2.257403588248420578e-01
-2.814794154598569964e-01
5.024241360036251214e-01
1.712784637739181437e-01
5.436705436264352986e-01
1.882361519217822521e-01
5.932954768552458624e-01
4.048167122114305072e-01
-3.391102436713498008e-02
1.558398326419921098e-01
8.626957076521253945e-03
2.206331427387168698e-01
1.787504623985271268e-01
-1.588994064624661695e-01
1.037798641913288966e-01
3.166017925491242391e-01
1.880251190495934310e-01
1.784901783511093909e-01
3.207733758148331726e-01
2.700736362258211454e-01
5.175865787284639197e-02
6.955947185688503565e-01
9.535926467618682789e-02
1.079624674833887243e-01
1.739883885219751236e-01
1.894253515118391185e-01
-1.213516297350534512e-01
3.128227002177498273e-01
3.983111972725006944e-01
-2.191546510645484280e-01
-6.163961548147405684e-02
-1.591939122442367072e-01
1.333274388417823586e-01
-3.339190703076678167e-03
4.165401029244392705e-01
8.736308623763781867e-02
7.694179963681528622e-02
1.628673174153711656e-01
-5.332148002514038726e-02
3.367106048593038747e-01
2.122575491245507762e-01
6.494156088720132169e-02
1.334098391743989698e-01
1.979943320084910988e-02
2.080534917480007448e-02
-5.501988642054708167e-01
-5.939949316341691654e-01
2.560595402097218254e-01
2.894949037409937365e-01
-2.287106579037015697e-01
6.364775328787445341e-01
-3.420996290285883146e-01
-6.771649130434154173e-02
2.303677241530700526e-01
7.777379805923310130e-01
7.922018723447649124e-02
1.058222375557686501e+00
1.986916741946922471e-01
-3.230351383710571844e-01
7.978966967930418985e-02
1.084026155444443723e-01
-4.777781939056702232e-02
2.879140707220034234e-01
9.030374675404917451e-02
3.645835257619110814e-02
1.890949448024061286e-01
2.946193381162194314e-01
1.067355977816228374e-01
1.270403127801384147e-01
9.167387072650043933e-01
2.013936401771338272e-02
2.466496100701125183e-01
2.636874017396395598e-01
-3.208209878724624931e-01
1.501226645573563723e-01
3.445097266036316053e-01
1.263138309016510752e-01
-2.319128079493285588e-01
9.600080527461714308e-02
6.867133294863099480e-02
3.433348886318778048e-02
2.264777897671643378e-02
3.936492950401488389e-01
1.035936039861557190e-01
1.302532627031693924e-01
1.860466704633748636e-01
1.093819199887775123e-01
6.199673068701013756e-01
9.374237449816859302e-02
-7.961360889632382309e-02
-2.696495840555169221e-01
9.843048060712200620e-02
-2.366550466594692648e-02
2.501854008103405747e-01
3.406275831925199005e-01
-1.534368693667358292e-03
1.633209176963825449e-01
3.975547338621047699e-01
-2.439230850618498148e-01
-1.263253072852043857e-01
2.113308846767112115e-01
-1.230351159898143698e-01
6.430342369756171517e-02
-1.035413888087030887e-01
-2.542927063771640780e-02
-7.828606032241539406e-03
1.217250354587306876e-01
6.506249704688240598e-01
1.379810618178346771e-01
8.697484755983739269e-02
8.033488576430995731e-02
1.073180916278460156e-01
2.815546922015251807e-01
3.608028916870620328e-01
5.345444369420423447e-01
1.506602481367579592e-02
2.442660475685067833e-01
2.346610767625416927e-01
2.474125674078825055e-01
2.372369403605763261e-01
4.157955398237709876e-01
-1.114016376462395180e-01
-2.241401147041835809e-02
-4.554104741772736081e-02
2.646931691249302387e-01
2.687837298853874013e-01
2.927936443867246163e-01
-6.958843185551757959e-02
1.291055423919647560e-01
-6.307206628121299341e-02
-2.386101309274278257e-02
-6.678416212981552746e-02
1.277066952438222873e-02
1.441560733492574520e-01
3.884124932241624362e-01
6.115249199733265861e-01
2.779188074824611165e-01
3.670158118289023053e-01
1.501022027750170684e-01
1.173211864462246901e-01
2.513352450269886185e-01
1.283886721235970030e-01
2.748893886488682492e-01
2.013284228678679511e-01
2.494406347771835619e-01
-8.693465523491746005e-02
1.330266598963556202e-01
2.656297192992118084e-01
3.021264979577544252e-01
2.160358639898862232e-01
1.303276526989685657e-01
1.917137688250489524e-01
3.653731360389172317e-02
2.452806055635069205e-01
6.493276042663688463e-02
3.436627605737068714e-01
2.132403571332067496e-02
9.841768585219340393e-02
3.180854665679554438e-01
1.573207422652393439e-01
1.180539781260188520e-01
4.255532932102419619e-02
-4.408487418083047171e-02
1.260197925599737812e-01
-1.290931761651245568e-01
1.972323683249506687e-01
3.268479829073394072e-01
4.954205026598969552e-01
-2.656163819794930547e-01
-1.313940156134792703e-01
-3.533973432531649084e-01
5.007341914036667063e-01
-2.171092395034582845e-01
5.321328193361070102e-01
4.892020167068756448e-02
3.169406397509427764e-01
1.222773350430558376e-01
5.804054868863507688e-02
-2.735863830878936254e-01
1.813952328433959260e-01
2.606972301044270246e-01
2.319633576519792018e-01
1.163798439270439661e-01
2.246465543408236731e-01
3.728060343113918096e-01
2.277819328554360201e-01
9.367410563764062836e-02
1.651215034956955152e-01
3.335548244402269380e-01
7.146925108176276076e-02
-1.151129734203031468e-01
8.819208636447742333e-02
1.963138704753211727e-01
4.475390712937677429e-01
2.120434316645364026e-01
1.802474593458825713e-01
1.937659044829486144e-01
1.287925521669220329e-02
5.657739026280431821e-02
1.320995319768440146e-01
6.363290324218741877e-03
2.239951598390899634e-01
4.937522171776151936e-01
1.010432522605629740e-01
-5.883347464521399006e-01
-9.037369911839589209e-02
-7.710105608030748403e-02
3.367909606451185422e-01
-4.263457985366327918e-01
-9.127219057383383072e-02
-8.855570357570899387e-02
1.685666261954923695e-01
7.641965467933006795e-02
1.676304317011828859e-01
3.488971667785827346e-01
4.467177762039841737e-01
-1.647443819807203336e-01
1.216884891639804650e-01
4.938618517436694777e-01
-4.201527422726167860e-01
2.051308717736740339e-01
-9.381394618548825892e-02
2.760246318524935127e-02
1.308615817705426343e-01
1.447363146167756145e-02
1.137052618509027807e-01
6.157138468925411195e-02
6.253304450924134228e-01
4.938818946113399111e-01
3.544549336652862981e-01
1.906113552279330992e-01
6.163571112214188963e-01
2.750390472650885987e-01
2.643816603401045739e-01
1.170701213831929044e+00
-2.508168337687141092e-01
1.466057315063152011e-01
-1.152441550897315842e-01
3.440219045798920128e-01
-3.550026366701126701e-01
-2.458975996728175392e-02
1.441558923947871440e+00
5.328717866104488721e-01
3.346457923796141154e-01
-3.104645295435996544e-01
-2.066836252371257732e-01
2.387497922560006258e-01
9.731885661068333249e-02
-1.189651670363971042e-01
1.311243668196436785e-01
4.794296698154019293e-02
-2.589593743111593960e-01
9.670464538267071683e-03
-2.681755453578251180e-01
1.860887134215098437e-01
4.310412542542003123e-01
-1.211064201308527932e-01
2.946589598632052831e-01
1.171998662645937772e-01
5.353737210127326035e-02
5.913787316209559441e-02
-2.443385541371518033e-01
4.307320527962398837e-01
-2.054175675577043780e-01
2.506768410630736965e-01
3.675937385448529993e-01
2.362914616117811617e-01
1.454802683790592244e-01
9.567401917379166898e-01
1.483437254741075684e-01
7.522268901498765925e-02
1.918651596082788513e-01
-1.661060808083005269e-01
1.936737055921943507e-01
2.758527517498202131e-01
-9.283894861561989287e-02
-7.246646978892901103e-02
4.956507598129672454e-01
1.122070986558808825e-01
4.641263843491384711e-02
1.600105755126325635e-01
-1.109622151965689169e-01
-1.632928303980449997e-02
-2.356589797502735006e-01
1.644761030863211848e-01
4.960684011503669888e-01
-1.827092908665515214e-01
-8.138066396545647063e-02
1.304728468807536401e-01
6.611559503666818161e-02
4.908867339946750286e-01
6.388931090936500468e-02
-4.238644797630932715e-01
2.069517045095987662e-01
1.959182248166817797e-01
-2.062225392620792019e-01
2.557722813801970307e-01
-2.162208922685571744e-01
1.577565734941590025e-01
5.997511252657469205e-01
-9.112122465535228699e-02
3.487642904547347267e-01
5.598716876220503208e-02
8.733578781433723459e-02
5.846739053199110497e-02
3.834149553538238053e-02
1.302701098322543716e-01
5.351105993872451450e-01
5.512242316108532103e-01
9.845287159971957691e-02
8.641707459364669774e-02
1.647215548067440805e-01
-2.807117666177432191e-01
1.700402333068299632e-01
-2.855201313816883024e-01
3.953800522902579245e-04
8.351431456626678962e-01
4.703331248987584479e-01
-1.281159563244224087e-01
2.393482233693491334e-01
1.947427588551547406e-01
1.691537703471195642e-01
-1.197615811896005217e-01
5.069844974830305384e-01
2.557097603236399563e-01
4.527061351400470390e-01
1.145893300655962677e-01
-1.021777081380268459e-01
1.848925761973026494e-01
6.191438479060714511e-02
2.113194159559333152e-01
1.385607760444258207e-01
-9.208537031951656571e-02
4.819818359305727551e-02
-6.401990010744304516e-02
3.545041310983469418e-01
2.912113869578712988e-01
1.042557741277550243e-01
7.468018430393171814e-01
9.155201185174360878e-02
1.936530604636148012e-01
1.659028652882160171e-01
2.875767424843000963e-01
-2.776090316933760849e-01
1.914339300153034829e-01
-1.612603476713529438e-01
3.264881120998082698e-01
7.654079765155437365e-02
2.202298196632669625e-01
-4.097012132625069136e-02
1.310619379429584647e-02
3.145478979080054693e-01
5.036738274618385303e-01
-1.305976360621543542e-01
1.431291408493026891e-02
2.232075046593611500e-01
-1.341738607611221989e-01
7.467669015584654790e-02
1.843760815946423118e-02
-5.216974682881816289e-03
-8.456015690878690080e-03
1.920573969925751245e-02
3.267855746128606187e-01
2.386929006566762546e-02
9.035060282616688698e-02
-2.008594696043307370e-01
3.717094452386431047e-02
2.339632735689494425e-01
-1.708823845154971710e-01
3.261619450166529099e-01
1.573971436199040341e-01
-5.643061861027101611e-02
-2.190750944771412134e-01
3.178892054769645870e-01
-4.098010876192439977e-02
9.778109725873448260e-03
-4.734727721868105532e-01
-1.282530936997336446e-01
-3.289935054916915541e-02
-2.189865198528786680e-02
1.295741829798761346e-01
-1.152132093169221799e-02
-2.111894975951098263e-01
4.282153745058167593e-02
3.758634298080039127e-01
1.979715551616874902e-01
2.488021361498415074e-01
2.757408557881076971e-01
1.449500356869475870e-01
1.771600555889806250e-01
2.482263429575950753e-01
1.655297375669753379e-01
-9.119983477956847273e-02
2.081698722583005534e-01
-2.356440016326948744e-02
1.547496341454512037e-01
4.152894506259474303e-03
-7.851281294841475078e-02
-3.913470589161121421e-02
-1.257390290504054875e-01
4.139352836665310953e-01
9.140882862308605250e-02
3.498042251130449865e-01
5.318971612332983392e-03
-3.468127831942540568e-02
-5.686019338165063663e-01
1.444858812361611844e-01
5.326163716568383943e-01
4.385129848944927522e-01
-8.013962239156997569e-01
-8.915094918598567841e-02
-4.553933594339372448e-02
-1.028825451859561591e-01
1.016115603211228680e-01
2.818290326997420214e-01
3.831514164184886551e-01
-1.187483657319915870e-01
1.194972353992161396e-01
9.175948964941792185e-02
-4.033119911368548277e-02
-5.951962209335991127e-02
-7.238971680427530586e-02
-1.546253157427771863e-01
3.024404049521211002e-01
1.633732313276993753e-01
6.865786687702891689e-01
1.218609870064017858e-01
1.816750854306046770e-01
4.070826618757323878e-01
1.431087346716658715e+00
1.141165486780983396e-01
-3.141304986959197465e-01
6.861261143524019501e-02
-7.947465627994285131e-02
4.160345170655402880e-01
4.415995778392355353e-01
-2.777371051414093475e-02
6.587534404127366738e-02
3.673723270858726964e-01
-2.693821696177396974e-01
2.077509219667355578e-01
-3.254533555176990917e-02
3.120628299143669501e-02
1.273844267628425064e-01
3.541325751958123158e-01
1.787396994073696954e-01
1.344321905881776802e-01
4.189821044032423503e-01
2.680069935275862236e-01
-3.933008475165826467e-02
-2.292416637419009140e-02
5.793199790465358018e-02
6.782153328076528931e-01
-4.696553056126528958e-02
3.383857186969614350e-01
3.218999067772281286e-01
5.584551031188099701e-01
1.202025071061343063e-02
2.909995698023765121e-01
2.281000275900318952e-02
3.393469708562614762e-01
3.882119235876819729e-01
5.573869903285983973e-01
2.082941534446665355e-02
7.592640665444928827e-02
1.624200456930521563e-01
3.635363716776803811e-01
7.204245834944762450e-01
-1.089489964369641170e-02
8.705120486540128544e-02
-4.310976811149317411e-01
2.627365386047088025e-01
2.422614046332847437e-01
6.922009520313121556e-01
-8.215425684007787721e-02
4.290156658567586545e-01
2.777198876135028027e-01
-1.137967967391250029e-01
3.049966140824362237e-01
5.933464524827496145e-02
3.793970700972981031e-02
3.866132526519259344e-02
4.196589001503416849e-01
4.321421034258429716e-01
3.568370289787221594e-01
4.713247403667573665e-01
9.903104363736821292e-02
2.093685472600021469e-01
-9.759217382210794156e-02
3.718806786237915385e-01
1.006857865615224668e-01
-2.427925467630998591e-01
-1.872508024800719206e-01
3.500868786341255201e-01
1.282175172644856309e-01
-5.748431458943679961e-02
1.218109650366177993e-01
1.931033599559348612e-01
-2.955137627624995073e-02
-2.108269438311529409e-01
6.322177190268837843e-02
-1.829896282504973604e-01
1.617267761718857721e-01
3.515985126235410818e-01
5.376774134637857944e-02
1.191655982730402963e-01
3.681969698961808368e-01
3.491303112414697457e-02
-3.364896320278754072e-02
3.133532185807080817e-01
3.042048170684761854e-01
2.117042596202760654e-02
2.626420717887311684e-01
2.647554526180582180e-01
1.046675070629014825e-01
1.540275940272289035e-01
3.142051650720318334e-01
5.065251371045246392e-02
1.458633898423976338e-01
4.177069846003706455e-01
3.123233031386712932e-01
3.535205611526199831e-01
2.955218311844413082e-01
-4.111268442139178747e-01
1.222642177151248705e-01
-1.001788796262414183e-01
-9.858353794290057592e-02
-2.018993458779609340e-01
3.020124685222212446e-01
9.816199373572752351e-02
4.061873421815788143e-01
3.327287595520625474e-01
2.509233221336802655e-02
8.068254835807893433e-02
-7.959963089132390812e-02
1.000506539115602195e-01
1.493683615338464721e-01
-2.209332647113154413e-01
2.703996426485829607e-01
-3.106540691603534160e-02
5.596148556558872694e-02
3.814418093817925071e-01
4.640166234124173950e-01
1.148449914484847151e-01
6.860293698728769929e-02
-1.752564381664105386e-02
-1.787912351475135775e-01
-5.553982946502720314e-02
1.375042895391138942e-01
1.415630395287637289e-01
